timestamp,rel_time,acc_x,acc_y,acc_z,gyro_x,gyro_y,gyro_z,azimuth,pitch,roll,label
3787609739000,0,6.1969589231893,-0.966951529925556,7.40103578434569,0.1328632,0.75533485,0.025045475,133.6929,-36.40413,32.95793,SIT
3787614744000,0.005005,6.19815793370055,-0.966471924469059,7.39815815911868,-1.1841623,0.76052725,0.039095376,132.18947,-33.55314,36.277462,SIT
3787619775000,0.010036,6.19936317283784,-0.965989827555646,7.39526558518919,-1.1829406,0.7467828,0.035430185,131.67607,-32.959316,36.39158,SIT
3787624736000,0.014997,6.20055164259735,-0.965514438410854,7.39241325776637,-1.1859949,0.7470882,0.03604105,131.15994,-32.10492,36.496185,SIT
3787629773000,0.020034,6.20175831910987,-0.965031766545845,7.38951723413631,-1.1838568,0.73853606,0.031154128,130.65796,-31.262793,36.59562,SIT
3787635246000,0.025507,6.20306944488971,-0.964507314864845,7.3863705322647,-1.1704178,0.7284568,0.036651913,130.15985,-30.429562,36.6895,SIT
3787639735000,0.029996,6.20414484113047,-0.964077155245621,7.38378958128687,-1.1456778,0.71776664,0.032986723,129.67444,-29.611507,36.7752,SIT
3787645180000,0.035441,6.2054492591592,-0.96355538667207,7.38065897801792,-1.1502593,0.7593055,0.027794369,129.18582,-28.799147,36.84466,SIT
3787649744000,0.040005,6.20654262259044,-0.963118040157894,7.37803490578294,-1.1774428,0.7309003,0.03176499,128.72032,-27.996101,36.926414,SIT
3787654622000,0.044883,6.20771120865915,-0.962650604510183,7.37523029921803,-1.1685852,0.8005389,0.06261369,128.22678,-27.205387,36.972786,SIT
3787659645000,0.049906,6.20891453129612,-0.962169274198898,7.37234232488931,-1.2583824,0.77274454,0.0571159,127.77678,-26.404758,37.03666,SIT
3787665118000,0.055379,6.21022565707596,-0.961644822517898,7.3691956230177,-1.2400564,0.76174897,0.052534413,127.30827,-25.633018,37.07948,SIT
3787669652000,0.059913,6.21131183363101,-0.961210350761703,7.36658879928558,-1.2351695,0.7486154,0.06841691,126.84987,-24.847319,37.12581,SIT
3787674616000,0.064877,6.21250102207814,-0.960734674141114,7.36373474701247,-1.244027,0.7254025,0.06963864,126.40983,-24.077034,37.16879,SIT
3787679651000,0.069912,6.21370721946558,-0.960252193926636,7.3608398732826,-1.2385293,0.7101309,0.08032878,125.97145,-23.316961,37.211533,SIT
3787684594000,0.074855,6.21489137709937,-0.959778529636634,7.3579978949615,-1.2321151,0.69027776,0.099265605,125.543434,-22.564447,37.257324,SIT
3787689594000,0.079855,6.21608918979793,-0.959299403306467,7.35512314448497,-1.2366967,0.6432411,0.0983493,125.1338,-21.823586,37.30765,SIT
3787694580000,0.084841,6.21728364862093,-0.958821618530025,7.35225644330977,-1.2046263,0.5662721,0.11148291,124.72979,-21.097101,37.37047,SIT
3787699577000,0.089838,6.21848074263187,-0.958342779675657,7.34938341768352,-1.0943651,0.5045747,0.10720685,124.34413,-20.401373,37.434486,SIT
3787704655000,0.094916,6.21969724120852,-0.95785617897474,7.34646382109955,-0.9761627,0.42638394,0.100792766,123.97646,-19.723665,37.519417,SIT
3787709632000,0.099893,6.22088954396866,-0.957379256625692,7.34360229447521,-0.83260936,0.36651915,0.096516706,123.62201,-19.086926,37.610924,SIT
3787714624000,0.104885,6.2220854401669,-0.956900896897654,7.34073214359944,-0.70463306,0.3118467,0.079107046,123.29017,-18.486794,37.71472,SIT
3787719614000,0.109875,6.22328085724006,-0.956422728820148,7.33786314262386,-0.58459806,0.09682214,0.04184427,123.00235,-17.930819,37.8695,SIT
3787724607000,0.114868,6.22447699300084,-0.955944273266844,7.334992416798,-0.172264,-0.035430185,0.00580322,122.719124,-17.479193,38.01126,SIT
3787729648000,0.119909,6.22568462776352,-0.95546121810077,7.33209409336755,0.080634214,-0.006414085,0.010995574,122.44454,-17.026941,38.162666,SIT
3787735309000,0.12557,6.22704079130082,-0.954918751269755,7.32883930087802,0.036957346,0.017104227,0.0143553335,122.2028,-16.614052,38.341297,SIT
3787739648000,0.129909,6.22808025316063,-0.954502965440437,7.32634459241449,-0.004276057,0.008246681,0.01038471,121.9634,-16.26334,38.515812,SIT
3787744642000,0.134903,6.22927662848395,-0.954024414061867,7.32347329163852,-0.0021380284,0.00030543262,0.015882496,121.717865,-15.916231,38.680542,SIT
3787749609000,0.13987,6.23046653561869,-0.953548449965479,7.32061751451514,0.0036651916,0.0061086523,0.016798794,121.47621,-15.568603,38.838566,SIT
3787754776000,0.145037,6.23170435526138,-0.953053320815885,7.31764674737269,-0.0027488936,-0.0027488936,0.009162978,121.240166,-15.225354,38.997925,SIT
3787759725000,0.149986,6.23288995027041,-0.952579081574287,7.31480131935101,-0.0076358155,-0.006414085,0.0009162979,121.00445,-14.889551,39.15008,SIT
3787764772000,0.155033,6.23409902240833,-0.952095451456617,7.31189954622,-0.00580322,-0.006414085,-0.0033597588,120.77248,-14.560299,39.299088,SIT
3787769755000,0.160016,6.23529276254371,-0.951617954155973,7.30903456989509,-0.0036651916,-0.005497787,0.0009162979,120.54262,-14.235688,39.44476,SIT
3787774730000,0.164991,6.23648458617878,-0.951141223457457,7.30617419317094,0.002443461,-0.0036651916,0.010079277,120.31436,-13.91781,39.58624,SIT
3787779761000,0.170022,6.23768982531606,-0.950659126544044,7.30328161924145,0.01038471,-0.0061086523,0.0106901415,120.090065,-13.607096,39.724377,SIT
3787784806000,0.175067,6.23889841832891,-0.950175688076906,7.30038099601063,0.0021380284,-0.008246681,0.0036651916,119.86715,-13.299356,39.858303,SIT
3787790124000,0.180385,6.24017241191509,-0.949666089312141,7.29732341140379,0.007941248,-0.006414085,0.013744468,119.63998,-12.998333,39.98962,SIT
3787794752000,0.185013,6.24128110734887,-0.949222609980939,7.29466254236271,0.0018325958,-0.0009162979,0.0106901415,119.4221,-12.70201,40.1152,SIT
3787799752000,0.190013,6.24247892004743,-0.948743483650772,7.29178779188617,0.007330383,0.009468411,0.017104227,119.19887,-12.410895,40.237034,SIT
3787804676000,0.194937,6.24365852599297,-0.948271640040824,7.28895673761688,0.0106901415,-0.004276057,0.008857546,118.98642,-12.126468,40.359165,SIT
3787809737000,0.199998,6.244078,-0.94810385,7.28858440590195,0.0067195175,0.0036651916,0.01160644,118.76689,-11.843365,40.47062,SIT
3787814714000,0.204975,6.244078,-0.94810385,7.28953831471586,0.0070249503,0.0027488936,0.028710667,118.54998,-11.565632,40.58551,SIT
3787819688000,0.209949,6.244078,-0.94810385,7.29049164853952,0.009773844,0.0027488936,0.021991149,118.420505378522,-11.4291095900933,40.6511485458739,SIT
3787824687000,0.214948,6.244078,-0.94810385,7.29144977394855,0.01160644,0.0018325958,0.013744468,118.29038,-11.291901,40.717117,SIT
3787829797000,0.220058,6.244078,-0.94810385,7.29242917399658,-0.0009162979,-0.00580322,0.017715093,118.02165,-11.012563,40.84965,SIT
3787834730000,0.224991,6.244078,-0.94810385,7.29337464962025,0.00580322,-0.021991149,0.01160644,117.766106,-10.747795,40.979267,SIT
3787839713000,0.229974,6.244078,-0.94810385,7.29432970841464,0.0021380284,-0.030543262,0.009468411,117.51081,-10.481301,41.105785,SIT
3787844689000,0.23495,6.244078,-0.94810385,7.29528342556513,0.003970624,-0.027183503,0.015882496,117.25813,-10.221496,41.22995,SIT
3787849685000,0.239946,6.244078,-0.94810385,7.29624097598391,0.0018325958,-0.022907447,0.018936822,117.011246,-9.965601,41.352207,SIT
3787854784000,0.245045,6.244078,-0.94810385,7.29721826773438,0.008246681,-0.018020526,0.015882496,116.76711,-9.716293,41.469852,SIT
3787859722000,0.249983,6.244078,-0.94810385,7.29816470167512,0.01038471,-0.012217305,0.020463986,116.52178,-9.4679575,41.58332,SIT
3787864873000,0.255134,6.244078,-0.94810385,7.29915195992315,0.013133603,-0.011301007,0.0067195175,116.287704,-9.22952,41.69216,SIT
3787869692000,0.259953,6.244078,-0.94810385,7.30007558591756,0.0067195175,-0.015271631,0.01282817,116.04774,-8.989122,41.79911,SIT
3787874951000,0.265212,6.244078,-0.94810385,7.30108354381436,0.00580322,-0.016798794,0.01740966,115.81648,-8.757529,41.901134,SIT
3787879727000,0.269988,6.244078,-0.94810385,7.30199892828195,0.00580322,-0.018936822,0.017715093,115.588234,-8.528511,42.001564,SIT
3787884711000,0.274972,6.244078,-0.94810385,7.30295417873976,0.015577064,-0.013744468,0.017715093,115.36127,-8.304584,42.097694,SIT
3787889791000,0.280052,6.244078,-0.94810385,7.30392782888535,0.009468411,-0.010995574,0.011911872,115.14009,-8.082356,42.191944,SIT
3787894741000,0.285002,6.244078,-0.94810385,7.30487656278707,0.004886922,-0.013133603,0.011911872,114.92007,-7.8652782,42.283695,SIT
3787899718000,0.289979,6.244078,-0.94810385,7.30583047160097,0.007941248,-0.029932396,0.008246681,114.70779,-7.65419,42.375675,SIT
3787904860000,0.295121,6.244078,-0.94810385,7.30681600487827,-0.0036651916,-0.019547688,0.011301007,114.49451,-7.441528,42.45839,SIT
3787909729000,0.29999,6.244078,-0.94810385,7.30774921404341,-0.0027488936,-0.02443461,0.019242255,114.2862,-7.2355866,42.547596,SIT
3787914753000,0.305014,6.244078,-0.94810385,7.3087121310378,0.0106901415,-0.0125227375,0.015271631,114.08277,-7.035255,42.62624,SIT
3787919724000,0.309985,6.244078,-0.94810385,7.30966488987121,0.01038471,-0.011911872,0.0143553335,113.879524,-6.83373,42.707558,SIT
3787924721000,0.314982,6.244078,-0.94810385,7.31062263195341,0.0027488936,-0.01863139,0.0143553335,113.68042,-6.6376214,42.78516,SIT
3787929868000,0.320129,6.244078,-0.94810385,7.31160912354778,0.007330383,-0.024740042,0.016187929,113.48418,-6.44729,42.860264,SIT
3787934725000,0.324986,6.244078,-0.94810385,7.31254003275194,0.0018325958,-0.025961773,0.014049901,113.2928,-6.2574725,42.933537,SIT
3787939727000,0.329988,6.244078,-0.94810385,7.31349873315121,0.009468411,-0.025961773,0.013439035,113.103645,-6.074069,43.006176,SIT
3787944703000,0.334964,6.244078,-0.94810385,7.3144524503017,0.0033597588,-0.02565634,0.0125227375,112.91867,-5.8904486,43.076866,SIT
3787949713000,0.339974,6.244078,-0.94810385,7.31541268400829,0.0033597588,-0.030848695,0.009468411,112.73821,-5.713475,43.146973,SIT
3787954675000,0.344936,6.244078,-0.94810385,7.31636371787097,0.0061086523,-0.013439035,0.00580322,112.56026,-5.5392985,43.20855,SIT
3787959632000,0.349893,6.244078,-0.94810385,7.31731379341659,0.00580322,-0.0143553335,0.003970624,112.387085,-5.367861,43.274815,SIT
3787964620000,0.354881,6.244078,-0.94810385,7.31826981052805,-0.004886922,-0.021991149,0.0021380284,112.21784,-5.198625,43.33616,SIT
3787969596000,0.359857,6.244078,-0.94810385,7.31922352767854,-0.004886922,-0.016798794,0.018325957,112.044685,-5.03135,43.39297,SIT
3787974586000,0.364847,6.244078,-0.94810385,7.32017992811684,0.008552114,-0.01740966,0.0027488936,111.888306,-4.874261,43.450737,SIT
3787979643000,0.369904,6.244078,-0.94810385,7.3211491700039,0.005192355,-0.022907447,0.007330383,111.72071,-4.7095,43.508015,SIT
3787984631000,0.374892,6.244078,-0.94810385,7.32210518711537,0.0067195175,-0.024740042,0.0036651916,111.56521,-4.556082,43.562057,SIT
3787990086000,0.380347,6.244078,-0.94810385,7.3231507110414,0.004581489,-0.01985312,0.0030543262,111.40957,-4.402512,43.614433,SIT
3787994622000,0.384883,6.244078,-0.94810385,7.32402009628951,-0.005192355,-0.020463986,-0.0033597588,111.2608,-4.2522936,43.66707,SIT
3787999585000,0.389846,6.244078,-0.94810385,7.32497132181562,-0.002443461,-0.032070424,0.00061086525,111.11121,-4.1049833,43.72029,SIT
3788004642000,0.394903,6.244078,-0.94810385,7.32594056370268,0.0076358155,-0.020158553,-0.0033597588,110.9691,-3.9626787,43.765167,SIT
3788009667000,0.399928,6.24310758677966,-0.948427323043752,7.32577179845632,-0.00061086525,-0.022602014,0.009162978,110.82262,-3.8157094,43.81656,SIT
3788014644000,0.404905,6.24167612661438,-0.948904479338582,7.32505607584729,0.0015271631,-0.023518313,0.0012217305,110.68789,-3.6803393,43.86215,SIT
3788019636000,0.409897,6.24024035222316,-0.949383073717483,7.32433819614782,-0.00030543262,-0.025961773,0.0015271631,110.475716,-3.5275786,43.90974,SIT
3788024631000,0.414892,6.23880371498676,-0.949861955713199,7.32361988503026,-0.0018325958,-0.018936822,0.0033597588,110.26994,-3.3794625,43.953102,SIT
3788029664000,0.419925,6.23735614837799,-0.950344480855228,7.32289610928357,0.0076358155,-0.014966198,0.010995574,110.06603,-3.2348297,43.99659,SIT
3788034662000,0.424923,6.2359186482964,-0.950823650467757,7.32217736674792,-0.003970624,-0.016493361,0.005192355,109.87076,-3.090641,44.037895,SIT
3788039644000,0.429905,6.23448575005581,-0.951301286123944,7.32146092510874,-0.0033597588,-0.013439035,0.003970624,109.674446,-2.9512157,44.075626,SIT
3788044672000,0.434933,6.23303962152235,-0.951783331904617,7.32073786839221,0.0021380284,-0.004581489,-0.0009162979,109.48578,-2.814997,44.110577,SIT
3788049665000,0.439926,6.23160355951608,-0.952262022155789,7.3200198448867,-0.0027488936,-0.015271631,0.0070249503,109.29681,-2.677093,44.14918,SIT
3788054740000,0.445001,6.23014391307469,-0.952748573933218,7.31929002928678,0.004886922,-0.008552114,0.010079277,109.11485,-2.547407,44.17892,SIT
3788060718000,0.450979,6.228424550232,-0.953321698371733,7.31843035684217,-0.007330383,-0.007941248,0.015577064,108.93298,-2.4131153,44.21243,SIT
3788064776000,0.455037,6.22725740830901,-0.953710748049133,7.31784679197429,-0.004276057,-0.004276057,0.011301007,108.757355,-2.2873647,44.241905,SIT
3788069692000,0.459953,6.22584349266254,-0.954182056135407,7.31713984153306,-0.003970624,-0.003970624,0.0018325958,108.58541,-2.1609998,44.2711,SIT
3788074700000,0.464961,6.22440311643033,-0.954662184470651,7.31641966093712,-0.006414085,-0.00580322,0.008246681,108.41245,-2.0348146,44.29902,SIT
3788079748000,0.470009,6.22295123559562,-0.955146147696751,7.31569372809999,-0.0021380284,0.00061086525,0.015271631,108.24636,-1.9141871,44.323387,SIT
3788084704000,0.474965,6.22152581534665,-0.955621290673881,7.31498102541758,0.0030543262,-0.009773844,0.01863139,108.083046,-1.7950401,44.352177,SIT
3788089781000,0.480042,6.22006559367514,-0.956108034195853,7.31425092220559,0.0015271631,-0.015882496,0.011911872,107.92424,-1.6783202,44.377,SIT
3788094758000,0.485019,6.21863413350986,-0.956585190490682,7.31353519959656,0.0015271631,-0.010079277,0.01038471,107.845492933173,-1.62020780713426,44.389761615292,SIT
3788099747000,0.490008,6.21719922196383,-0.957063497252769,7.31281775131518,-0.008552114,-0.017104227,0.007941248,107.766556,-1.5619553,44.402554,SIT
3788104733000,0.494994,6.21576517326299,-0.957541516398042,7.31210073445188,0.0027488936,-0.024129177,0.016798794,107.609924,-1.4506139,44.430637,SIT
3788109742000,0.500003,6.21432450941572,-0.958021740605557,7.3113804100499,-0.0036651916,-0.018325957,0.009468411,107.4644,-1.3397902,44.4543,SIT
3788114719000,0.50498,6.21289304925044,-0.958498896900387,7.31066468744087,-0.0018325958,-0.01740966,0.01038471,107.315414,-1.231648,44.480602,SIT
3788119692000,0.509953,6.21146273954541,-0.958975669706131,7.30994954005596,0.004276057,-0.016187929,0.0009162979,107.17659,-1.1286983,44.50415,SIT
3788124696000,0.514957,6.21002351377344,-0.959455414552289,7.30922993468413,0.0036651916,-0.022296581,0.0036651916,107.03558,-1.0241406,44.52884,SIT
3788130504000,0.520765,6.20835304549136,-0.960012240704665,7.30839470926455,-0.0012217305,-0.023518313,-0.002443461,106.9048,-0.92556494,44.550865,SIT
3788134743000,0.525004,6.20713384524209,-0.96041864326319,7.30778511550532,-0.004276057,-0.024129177,-0.0021380284,106.77327,-0.8272994,44.573753,SIT
3788139715000,0.529976,6.20570382315212,-0.960895320196663,7.30707011192644,0.004886922,-0.01863139,0.0009162979,106.645775,-0.7330547,44.594456,SIT
3788144697000,0.534958,6.20427092491153,-0.96137295585285,7.30635367028726,0.0067195175,-0.012217305,-0.0030543262,106.52374,-0.63987565,44.61428,SIT
3788149695000,0.539956,6.20283342482994,-0.96185212546538,7.30563492775161,0.0015271631,-0.005497787,0.0027488936,106.39921,-0.54633117,44.63183,SIT
3788154778000,0.545039,6.20137147746805,-0.96233944422098,7.30490396170345,0.014049901,-0.0076358155,-0.0030543262,106.28356,-0.46163186,44.649395,SIT
3788159731000,0.549992,6.19994692006427,-0.962814299581296,7.30419169043913,0.004581489,-0.0033597588,0.0018325958,106.16386,-0.3698112,44.662735,SIT
3788164717000,0.554978,6.19851287136343,-0.963292318726568,7.30347467357583,0.007941248,0.011911872,0.011301007,106.04714,-0.28503692,44.67299,SIT
3788169759000,0.56002,6.1970627162191,-0.96377570671904,7.30274960357488,0.0033597588,0.0033597588,0.011301007,105.992066235011,-0.242502852668939,44.6814548375777,SIT
3788174691000,0.564952,6.19564419873162,-0.964248548761656,7.30204035223718,0.0030543262,-0.0015271631,0.0030543262,105.938194,-0.20089674,44.689735,SIT
3788179786000,0.570047,6.19417879998899,-0.964737017984513,7.30130766051666,-0.0018325958,0.00061086525,0.01160644,105.82117,-0.11382175,44.69733,SIT
3788184719000,0.57498,6.19275999488645,-0.965209955899401,7.30059826537293,0.006414085,0.0018325958,0.008857546,105.71448,-0.033971652,44.708572,SIT
3788189868000,0.580129,6.19127906493045,-0.965703602224914,7.29985780812682,0.002443461,-0.008857546,0.0030543262,105.60804,0.048839275,44.72221,SIT
3788194762000,0.585023,6.18987147681534,-0.966172801121217,7.29915402141824,-0.009162978,-0.008552114,0.016187929,105.49746,0.13323492,44.731953,SIT
3788200133000,0.590394,6.1883266963155,-0.966687731090984,7.29838163923357,0.0061086523,-0.015577064,0.009773844,105.39937,0.20634557,44.74642,SIT
3788204738000,0.594999,6.18700222895342,-0.967129222900847,7.29771941246753,0.008246681,-0.017715093,0.01740966,105.29262,0.28840256,44.758934,SIT
3788209712000,0.599973,6.18800979726289,-0.967083450342139,7.29909344328593,0.018325957,-0.021685716,0.0143553335,105.194984,0.36082762,44.773533,SIT
3788214719000,0.60498,6.18992721560593,-0.966843773049259,7.30125053391648,0.005497787,-0.021685716,0.018325957,105.093704,0.43897715,44.787083,SIT
3788219700000,0.609961,6.19183467731287,-0.966605340335891,7.30339642335741,0.018936822,-0.029321533,0.006414085,104.91034,0.5243404,44.79594,SIT
3788224710000,0.614971,6.19375324449854,-0.966365519437683,7.30555480643291,0.01160644,-0.022602014,0.013744468,104.72253,0.61913455,44.800076,SIT
3788229736000,0.619997,6.19567793884488,-0.966124932644391,7.30772008254817,0.016493361,-0.025045475,0.0067195175,104.54984,0.70147115,44.80858,SIT
3788234722000,0.624983,6.19758731528953,-0.965886260588809,7.30986812606403,0.019547688,-0.028710667,0.011301007,104.37412,0.7875524,44.814934,SIT
3788239901000,0.630162,6.1995706006098,-0.965638349923775,7.31209931687202,0.01160644,-0.021991149,0.015271631,104.205894,0.8714787,44.818592,SIT
3788244698000,0.634959,6.20140759996901,-0.965408725003874,7.31416593635568,0.00580322,-0.025350908,0.0070249503,104.04495,0.9509852,44.825768,SIT
3788249703000,0.639964,6.20332425241696,-0.96516914344788,7.31632216535626,0.008857546,-0.027794369,0.0070249503,103.88337,1.0309514,44.830276,SIT
3788254746000,0.645007,6.20525545687152,-0.96492774289106,7.31849476532627,0.0027488936,-0.033292156,0.0018325958,103.731186,1.1094849,44.836334,SIT
3788259723000,0.649984,6.20716138678829,-0.964689501651463,7.32063893150726,-0.005192355,-0.048258353,0.006414085,103.57881,1.188041,44.845325,SIT
3788264772000,0.655033,6.2090948889281,-0.964447813883988,7.32281411636718,0.00061086525,-0.048258353,0.003970624,103.43523,1.2609171,44.851288,SIT
3788269725000,0.659986,6.21099162810387,-0.964210721487017,7.32494794298853,-0.00030543262,-0.05467244,0.0076358155,103.29076,1.337281,44.862766,SIT
3788274699000,0.66496,6.21289640917802,-0.963972623852748,7.32709081672456,0.0015271631,-0.05467244,0.007330383,103.152504,1.4090136,44.871956,SIT
3788279745000,0.670006,6.2148287624752,-0.9637310796906,7.32926470913953,-0.00030543262,-0.054061573,0.01038471,103.01485,1.4815423,44.88222,SIT
3788284746000,0.675007,6.21674388313298,-0.963491689608377,7.33141921488016,-0.009468411,-0.06536258,0.0061086523,102.88348,1.552118,44.895462,SIT
3788289874000,0.680135,6.21870763812861,-0.963246220233924,7.33362843412391,-0.00030543262,-0.06352998,0.004581489,102.75333,1.6190128,44.904236,SIT
3788294702000,0.684963,6.22055650886162,-0.963015111392298,7.33570840887212,-0.0009162979,-0.0580322,0.007330383,102.62626,1.6882741,44.914646,SIT
3788299687000,0.689948,6.22246550235873,-0.962776487205158,7.33785602157299,-0.0012217305,-0.06627888,0.008552114,102.50334,1.7535866,44.92798,SIT
3788304763000,0.695024,6.22440934408217,-0.962533506989728,7.34004283843751,0.0076358155,-0.06291912,0.0070249503,102.38377,1.8157716,44.93597,SIT
3788309781000,0.700042,6.22633097484817,-0.962293303143978,7.34220466803289,0.009773844,-0.054367006,0.0070249503,102.266075,1.8785783,44.9443,SIT
3788315721000,0.705982,6.22860568324794,-0.962008964594007,7.34476370904456,0.008857546,-0.052839845,0.0021380284,102.15378,1.937607,44.953312,SIT
3788319700000,0.709961,6.23012943151776,-0.96181849606028,7.34647792187039,0.0061086523,-0.059253927,-0.0030543262,102.04444,1.9952455,44.961792,SIT
3788324693000,0.714954,6.23204148859521,-0.961579488925599,7.34862898109115,0.003970624,-0.0571159,0.0018325958,101.93596,2.0527675,44.96697,SIT
3788329739000,0.72,6.23397384189238,-0.961337944763452,7.35080287350611,0.008246681,-0.056199603,0.009773844,101.83079,2.107937,44.973984,SIT
3788334724000,0.724985,6.2358828353895,-0.961099320576313,7.35295048620698,0.007941248,-0.050701816,0.005192355,101.73143,2.1617398,44.978848,SIT
3788339804000,0.730065,6.23782820890311,-0.960856148887112,7.35513902633144,0.0061086523,-0.05497787,-0.0015271631,101.63213,2.2149823,44.985836,SIT
3788344763000,0.735024,6.23972724576413,-0.960618769279484,7.3572754378427,0.0009162979,-0.059253927,-0.008246681,101.53728,2.2669027,44.99106,SIT
3788349702000,0.739963,6.24161862367431,-0.960382347040712,7.35940323305426,-0.005497787,-0.06261369,-0.0027488936,101.44247,2.319481,44.996864,SIT
3788354743000,0.745004,6.24354906223377,-0.960141042220778,7.3615749713943,-0.0070249503,-0.067500606,-0.0030543262,101.35482,2.3685389,45.00422,SIT
3788359722000,0.749983,6.24545575804563,-0.959902705244296,7.36371999920526,-0.005192355,-0.06994407,-0.00061086525,101.26603,2.4188218,45.011375,SIT
3788364778000,0.755039,6.24739194081823,-0.959660682397721,7.36589819977007,-0.0030543262,-0.06811147,0.0033597588,101.17887,2.4685655,45.01832,SIT
3788369756000,0.760017,6.24929825368255,-0.959422393289681,7.36804279676605,-0.017104227,-0.06994407,0.0070249503,101.09281,2.5206354,45.02662,SIT
3788374696000,0.764957,6.25119001454027,-0.959185923182466,7.37017102279259,-0.007941248,-0.08246681,-0.0021380284,101.012215,2.5647676,45.03727,SIT
3788379753000,0.770014,6.25312658026042,-0.958943852467448,7.37234965417239,-0.0143553335,-0.089491755,0.008246681,100.92441,2.618554,45.046116,SIT
3788385763000,0.776024,6.25542809498813,-0.958656163126484,7.37493885223302,-0.01160644,-0.0983493,0.0070249503,100.846565,2.6634777,45.05903,SIT
3788389719000,0.77998,6.25694303546447,-0.958466795566941,7.3766431563142,-0.015577064,-0.108123146,0.0036651916,100.76715,2.711743,45.073578,SIT
3788394697000,0.784958,6.25884934832879,-0.958228506458901,7.37878775331017,-0.010995574,-0.113926366,0.00061086525,100.68989,2.7565904,45.089027,SIT
3788399686000,0.789947,6.26075987361607,-0.957989690797991,7.38093708927099,-0.018325957,-0.12522738,0.008857546,100.61083,2.8053417,45.108086,SIT
3788404749000,0.79501,6.26269873702147,-0.957747332872317,7.3831183055407,-0.008552114,-0.13591751,0.008857546,100.53797,2.8465524,45.128227,SIT
3788409721000,0.799982,6.27214081267278,-0.959565299488292,7.38303269532367,-0.015577064,-0.13316862,0.016798794,100.460396,2.8950303,45.146744,SIT
3788414721000,0.804982,6.28458356780235,-0.962197421678643,7.38207556588744,-0.0143553335,-0.13530666,0.020158553,100.38598,2.9380875,45.169037,SIT
3788419758000,0.810019,6.29711839931989,-0.964849021573203,7.38111135369339,-0.0125227375,-0.13988814,0.018936822,100.21069,2.9999058,45.182617,SIT
3788424693000,0.814954,6.30939939863278,-0.96744692617508,7.38016666693984,-0.0036651916,-0.1328632,0.02565634,100.03617,3.0606933,45.192627,SIT
3788429736000,0.819997,6.32194916145647,-0.970101684616269,7.37920130619047,0.0027488936,-0.1255328,0.024740042,99.869934,3.1182053,45.203438,SIT
3788434739000,0.825,6.33439938223912,-0.972735386079934,7.37824360247659,0.0036651916,-0.1423316,0.025350908,99.70459,3.175155,45.218426,SIT
3788439715000,0.829976,6.34678241214408,-0.975354874083772,7.37729106726166,0.004276057,-0.14202617,0.034208454,99.54167,3.2308686,45.225807,SIT
3788444699000,0.83496,6.35918535045724,-0.977978573483115,7.37633700063964,0.012217305,-0.14752395,0.032375857,99.38657,3.2814405,45.239254,SIT
3788449696000,0.839957,6.37162063993374,-0.980609116400152,7.37538044548108,0.021991149,-0.13988814,0.03023783,99.23289,3.3318336,45.248077,SIT
3788455666000,0.845927,6.38647728955845,-0.983751870295432,7.37423763293423,0.027488936,-0.14966199,0.03634648,99.08008,3.3814495,45.262672,SIT
3788459725000,0.849986,6.39657831817264,-0.985888627089559,7.3734606352579,0.038179077,-0.13713925,0.038179077,98.93502,3.4254625,45.26836,SIT
3788464717000,0.854978,6.40900116489401,-0.988516537884406,7.37250503722878,0.044593163,-0.1432479,0.043066,98.789375,3.4698534,45.281353,SIT
3788469759000,0.86002,6.42154843916667,-0.991170769901156,7.37153986790529,0.057421334,-0.13469578,0.03940081,98.6514,3.5082297,45.2863,SIT
3788474703000,0.864964,6.4338518354388,-0.993773412322976,7.37059345831876,0.057726767,-0.13561209,0.049785517,98.50914,3.5505416,45.294743,SIT
3788479793000,0.870054,6.44651856016071,-0.996452912712754,7.36961910055268,0.06536258,-0.13683382,0.04886922,98.37706,3.5846665,45.300823,SIT
3788484727000,0.874988,6.45879707092257,-0.999050290890193,7.36867460522502,0.056199603,-0.14080444,0.045814894,98.24529,3.6226938,45.30737,SIT
3788489778000,0.880039,6.47136674215447,-1.00170926072689,7.36770771306855,0.053145275,-0.14080444,0.048563786,98.11535,3.6579251,45.31263,SIT
3788494755000,0.885016,6.48375226061045,-1.00432927515516,7.36675498642774,0.055283304,-0.14752395,0.05589417,97.98792,3.6932585,45.32051,SIT
3788499692000,0.889953,6.4960382370254,-1.00692823260591,7.36580991682241,0.06078109,-0.13652839,0.058948494,97.86527,3.7272103,45.323006,SIT
3788504757000,0.895018,6.50864274797166,-1.00959457238474,7.36484034470352,0.05497787,-0.12797627,0.064446285,97.74175,3.7640016,45.32744,SIT
3788509725000,0.899986,6.5210058694684,-1.01220984899307,7.36388934089569,0.05100725,-0.1328632,0.058948494,97.624756,3.7967262,45.332485,SIT
3788514893000,0.905154,6.53386670117033,-1.01493041048902,7.36290005191041,0.06169739,-0.12583824,0.056199603,97.50856,3.828348,45.331264,SIT
3788519695000,0.909956,6.54581672319678,-1.01745830064063,7.36198082479986,0.052534413,-0.1160644,0.062308256,97.39412,3.8644898,45.330315,SIT
3788525149000,0.91541,6.55938928049212,-1.02032941952587,7.36093678801083,0.07238753,-0.10140363,0.064446285,97.28594,3.8904011,45.32598,SIT
3788529749000,0.92001,6.57083661521133,-1.02275097194099,7.36005622892951,0.07360926,-0.103847094,0.0711658,97.17619,3.923161,45.323364,SIT
3788534727000,0.924988,6.58322462221834,-1.02537151279371,7.35910331086281,0.07727446,-0.08979719,0.06566802,97.07477,3.9485219,45.312202,SIT
3788539712000,0.929973,6.59563004908252,-1.02799573861749,7.3581490528149,0.07941248,-0.07422013,0.0693332,96.96986,3.976331,45.30089,SIT
3788544697000,0.934958,6.60803547594671,-1.03061996444127,7.35719479476698,0.089491755,-0.070554934,0.067500606,96.87235,3.9987588,45.289436,SIT
3788549707000,0.939968,6.62050311658655,-1.033257350876,7.35623575107189,0.09437868,-0.06566802,0.06383542,96.77759,4.021371,45.273434,SIT
3788554763000,0.945024,6.63308523057357,-1.03591895283488,7.35526790178598,0.095294975,-0.07238753,0.070249505,96.68186,4.043698,45.259766,CSO
3788559723000,0.949984,6.64542844366211,-1.03853001804771,7.35431842938525,0.099571034,-0.06536258,0.07971791,96.58974,4.0635533,45.241158,CSO
3788564866000,0.955127,6.65822706158839,-1.04123741893271,7.35333392604715,0.10720685,-0.06688975,0.08399397,96.49909,4.08211,45.227142,CSO
3788569703000,0.959964,6.67026418290075,-1.04378373393965,7.35240799903055,0.122783914,-0.07666359,0.08857546,96.40705,4.099498,45.21354,CSO
3788574707000,0.964968,6.68271689223443,-1.04641796182776,7.35145010389078,0.13103059,-0.08124508,0.09468412,96.315414,4.1173244,45.199043,CSO
3788579760000,0.970021,6.69529154056838,-1.04907798451333,7.35048282888254,0.12614368,-0.089491755,0.100792766,96.22396,4.1349783,45.188473,CSO
3788584731000,0.974992,6.7076621277182,-1.05169484039497,7.34953125079705,0.13469578,-0.083383106,0.10903945,96.13217,4.149337,45.175076,CSO
3788589750000,0.980011,6.72015216531727,-1.05433696464965,7.34857048426897,0.14508049,-0.099571034,0.1160644,96.03973,4.1646857,45.17036,CSO
3788594837000,0.985098,6.7328114243861,-1.05701488576611,7.34759670078056,0.1414153,-0.10415252,0.1142318,95.950874,4.1804028,45.16079,CSO
3788599690000,0.989951,6.74488836251487,-1.05956962356407,7.34666771094976,0.13775012,-0.12370021,0.11759156,95.85839,4.195935,45.15977,CSO
3788604791000,0.995052,6.75758246129806,-1.06225491462267,7.34569124749893,0.14172074,-0.15515977,0.12370021,95.767365,4.210288,45.163425,CSO
3788609734000,0.999995,6.7795261006037,-1.05853368230374,7.33875630287018,0.12705997,-0.18448131,0.12644911,95.678085,4.2285776,45.171875,CSO
3788614719000,1.00498,6.80574843374812,-1.05209728974384,7.32922090040047,0.12583824,-0.22632557,0.124311075,95.588936,4.2430835,45.19239,CSO
3788619721000,1.009982,6.83206019109784,-1.04563894760049,7.31965298000859,0.12370021,-0.2843578,0.12217305,95.34748,4.2950754,45.245174,CSO
3788624700000,1.014961,6.85825096275803,-1.0392103019524,7.31012905445258,0.10598512,-0.31978795,0.12461651,95.11387,4.348733,45.301395,CSO
3788629789000,1.02005,6.88502036162903,-1.03263962958785,7.30039471881198,0.092240654,-0.39370266,0.1301143,94.884796,4.40016,45.382603,CSO
3788634745000,1.025006,6.91109014759969,-1.02624068043502,7.29091478809184,0.08307768,-0.4822781,0.1301143,94.66332,4.4516306,45.475452,CSO
3788640926000,1.031187,6.94360373659982,-1.01826007012154,7.27909165415697,0.06352998,-0.57604593,0.13622294,94.44175,4.508422,45.58709,CSO
3788644706000,1.034967,6.96348747166219,-1.01337951568294,7.27186119852296,0.041233405,-0.6618725,0.13439035,94.227486,4.5642123,45.717827,CSO
3788649692000,1.039953,6.98971506505398,-1.00694183197108,7.2623238832343,0.04153884,-0.7583892,0.13194689,94.01353,4.6188154,45.873226,CSO
3788654747000,1.045008,7.01630561551437,-1.00041505877343,7.25265458343803,0.03573562,-0.8546005,0.13133603,93.80238,4.677461,46.04739,CSO
3788659718000,1.049979,7.04245430519559,-0.993996742341086,7.24314596043362,0.018936822,-0.93676186,0.11728613,93.60037,4.733428,46.23925,CSO
3788664809000,1.05507,7.06923422456133,-0.987423487672595,7.23340779915512,0.010079277,-1.0115929,0.106901415,93.39904,4.7881713,46.449287,CSO
3788669701000,1.059962,7.09496735470025,-0.981107172245713,7.22405028884783,-0.007941248,-1.0635164,0.09896017,93.20531,4.8443108,46.66902,CSO
3788674690000,1.064951,7.12121072883415,-0.974665615077946,7.21450723510231,-0.015882496,-1.078788,0.09682214,93.01696,4.8980393,46.891766,CSO
3788679727000,1.069988,7.14770659484186,-0.968162082615721,7.20487236604716,-0.03604105,-1.0616838,0.10354166,92.832344,4.956698,47.11182,CSO
3788684728000,1.074989,7.17401309194421,-0.96170503162434,7.19530635847423,-0.032070424,-1.0143417,0.12889257,92.64654,5.0145307,47.318974,CSO
3788689892000,1.080153,7.20117700936804,-0.955037522862193,7.18542856141232,-0.037873644,-0.9450085,0.15118915,92.46606,5.0777316,47.50731,CSO
3788694700000,1.084961,7.22646827872779,-0.948829664200613,7.1762317278969,-0.02107485,-0.840856,0.18570304,92.27932,5.14241,47.664124,CSO
3788699687000,1.089948,7.25270113236695,-0.942390689336782,7.16669249978928,0.0036651916,-0.7360926,0.22296582,92.091,5.2105494,47.79429,CSO
3788704748000,1.095009,7.27932324431157,-0.935856169227328,7.1570117230793,0.02443461,-0.6053675,0.25595254,91.90287,5.28102,47.881786,CSO
3788710744000,1.101005,7.31086368754806,-0.928114422027903,7.14554246065033,0.054367006,-0.47494772,0.27672195,91.71602,5.348551,47.935368,CSO
3788714714000,1.104975,7.33174686961092,-0.922988548715408,7.13794856941568,0.079107046,-0.36163223,0.2910773,91.530754,5.416819,47.953785,CSO
3788719701000,1.109962,7.35797972325008,-0.916549573851577,7.12840934130806,0.10842858,-0.3042109,0.29565877,91.35145,5.4788218,47.950153,CSO
3788724690000,1.114951,7.38422309738398,-0.91010801668381,7.11886628756254,0.12095132,-0.19120082,0.30665436,91.17978,5.5416718,47.898453,CSO
3788729736000,1.119997,7.41076630561803,-0.903592863853874,7.10921420313683,0.13164146,-0.09773844,0.30970868,91.017876,5.5965757,47.83739,CSO
3788734724000,1.124985,7.43700441950456,-0.897152597838075,7.09967306221026,0.12980886,-0.032070424,0.31490102,90.86157,5.652259,47.753925,CSO
3788739713000,1.129974,7.46324779363846,-0.890711040670308,7.09013000846474,0.11362094,0.01282817,0.32620203,90.71151,5.7085977,47.6526,CSO
3788744698000,1.134959,7.48947012678288,-0.884274648110413,7.08059460599503,0.10048734,0.038179077,0.33108896,90.57018,5.7624617,47.54193,CSO
3788749689000,1.13995,7.51572402141152,-0.87783050863871,7.07104772661161,0.08307768,0.051618114,0.3381139,90.43047,5.8210807,47.425304,CSO
3788754757000,1.145018,7.54238295508773,-0.871286950465481,7.06135356016897,0.05497787,0.027794369,0.35033122,90.29076,5.8844295,47.315678,CSO
3788759725000,1.149986,7.56851586402684,-0.86487250748904,7.05185067562142,0.02565634,-0.005192355,0.37048978,90.14985,5.9525356,47.208225,CSO
3788764711000,1.154972,7.59474345741863,-0.858434823777176,7.04231336033276,0.0015271631,-0.04184427,0.38789943,90.00795,6.0250444,47.111794,CSO
3788769702000,1.159963,7.62099735204728,-0.851990684305474,7.03276648094934,-0.025045475,-0.071776666,0.4129449,89.857605,6.107463,47.024765,CSO
3788774691000,1.164952,7.64724072618118,-0.845549127137707,7.02322342720382,-0.04520403,-0.10293079,0.43676865,89.702896,6.194575,46.950455,CSO
3788780689000,1.17095,7.67879168991242,-0.837804797634346,7.01175033913695,-0.06505715,-0.13194689,0.44409904,89.54772,6.28633,46.88597,CSO
3788784741000,1.175002,7.7001062122597,-0.832573049860486,7.00399959674832,-0.09682214,-0.15088372,0.46761733,89.37963,6.3903947,46.827576,CSO
3788789718000,1.179979,7.72628646342514,-0.826146986516333,6.99447949683022,-0.11209377,-0.17501289,0.47891834,89.21618,6.4917445,46.780678,CSO
3788794702000,1.184963,7.75250353632219,-0.819711885108406,6.98494600717945,-0.12064589,-0.17837265,0.4990769,89.044495,6.6023135,46.7331,CSO
3788799687000,1.189948,7.77872586946661,-0.81327549254851,6.97541060470974,-0.12736541,-0.19181168,0.5137377,88.87302,6.714233,46.695984,CSO
3788804841000,1.195102,7.80583718441673,-0.806620895306043,6.96555193583734,-0.1282817,-0.1957823,0.5375614,88.69493,6.8302984,46.656734,CSO
3788809754000,1.200015,7.79917597826794,-0.82862929544215,6.96326830138757,-0.11728613,-0.19792034,0.5580254,88.51643,6.9451694,46.62106,CSO
3788814751000,1.205012,7.77522125714357,-0.865998656594151,6.96470557860182,-0.118507855,-0.18234327,0.5830709,88.33249,7.0659385,46.580894,CSO
3788819695000,1.209956,7.75152060850661,-0.902971664706118,6.96612761153103,-0.10293079,-0.17654006,0.59803706,88.04229,7.172982,46.604942,CSO
3788824691000,1.214952,7.72757068120276,-0.940333547498874,6.96756460111726,-0.09285152,-0.15241088,0.6059783,87.7566,7.2818956,46.61727,CSO
3788829762000,1.220023,7.70326121736012,-0.978256307235076,6.96902316280497,-0.0852157,-0.11728613,0.6310238,87.46829,7.391855,46.622086,CSO
3788834714000,1.224975,7.67952221815902,-1.01528914222101,6.97044749675834,-0.0693332,-0.0711658,0.64751714,87.19197,7.495082,46.61629,CSO
3788839721000,1.229982,7.65551955882948,-1.05273328696547,6.97188765025279,-0.058643065,-0.016798794,0.67011917,86.91526,7.6013403,46.596252,CSO
3788844694000,1.234955,7.63167988939752,-1.08992316749557,6.97331802439457,-0.055588737,0.027794369,0.6951646,86.64261,7.706955,46.565132,CSO
3788850241000,1.240502,7.6050885669887,-1.13140562623284,6.97491349701963,-0.06078109,0.0720821,0.7156286,86.375694,7.8128815,46.518547,CSO
3788854773000,1.245034,7.58336297240482,-1.16529755033548,6.97621702720474,-0.058643065,0.10354166,0.72784597,86.113266,7.917258,46.463306,CSO
3788859720000,1.249981,7.55964794230631,-1.20229299352518,6.97763992301801,-0.06047566,0.12308934,0.7464773,85.85112,8.026006,46.399033,CSO
3788864724000,1.254985,7.53565966443832,-1.23971470319191,6.9790792136284,-0.07971791,0.13072516,0.75747293,85.59716,8.135672,46.330887,CSO
3788869697000,1.259958,7.51181999500636,-1.27690458372201,6.98050958777018,-0.09254608,0.1328632,0.768163,85.345184,8.245277,46.25978,CSO
3788874706000,1.264967,7.48780774803578,-1.31436368518496,6.98195031652067,-0.116980694,0.12889257,0.7761043,85.09806,8.35964,46.18977,CSO
3788879770000,1.270031,7.46353184093676,-1.35223409640644,6.98340686481224,-0.1591304,0.12095132,0.7812967,84.85543,8.478685,46.121796,CSO
3788884731000,1.274992,7.43974969735101,-1.38933423662559,6.98483378741778,-0.183565,0.12980886,0.79626286,84.61444,8.599782,46.05102,CSO
3788889722000,1.279983,7.41582373914974,-1.42665872762211,6.98626933886392,-0.21868975,0.12034045,0.80970186,84.37703,8.729033,45.989044,CSO
3788894694000,1.284955,7.3919888635383,-1.46384112979297,6.98769942537768,-0.2507602,0.111177474,0.83260936,84.1379,8.864554,45.92468,CSO
3788899709000,1.28997,7.36794785364462,-1.50134510141139,6.98914187989628,-0.2678644,0.11575896,0.8555168,83.90094,9.003746,45.859802,CSO
3788904749000,1.29501,7.34378699823801,-1.53903603201097,6.99059152511538,-0.28588495,0.12522738,0.870483,83.6648,9.149354,45.79654,CSO
3788909763000,1.300024,7.31975078216485,-1.57653252527016,6.99203369200597,-0.28588495,0.13836098,0.90041536,83.42152,9.299399,45.72991,CSO
3788914755000,1.305016,7.29582003014306,-1.61386449462593,6.99346953108012,-0.29565877,0.15454891,0.9297369,83.18082,9.454616,45.66025,CSO
3788919915000,1.310176,7.27108391627439,-1.65245282833502,6.99495369166158,-0.30024028,0.17165314,0.9477574,82.94134,9.609329,45.586994,CSO
3788924749000,1.31501,7.24791058789432,-1.68860321692993,6.99634408550862,-0.31306845,0.17959438,0.9633345,82.69918,9.769753,45.511642,CSO
3788929788000,1.320049,7.22375452630823,-1.72628666917026,6.9977934430997,-0.3200934,0.20341812,0.999681,82.452225,9.93453,45.426235,CSO
3788934708000,1.324969,7.20016892936368,-1.76308019666033,6.99920857295644,-0.33108896,0.22174409,1.0177015,82.213905,10.098594,45.34217,CSO
3788939710000,1.329971,7.17619023913672,-1.80048694960856,7.00064728831079,-0.3381139,0.24984388,1.0247264,81.97639,10.264939,45.249058,CSO
3788944708000,1.334969,7.15223072419184,-1.83786378911981,7.00208485315306,-0.3399465,0.27366763,1.0418307,81.73663,10.434652,45.152203,CSO
3788949697000,1.339958,7.1283143536316,-1.87517332339784,7.00351982934316,-0.3472769,0.2883284,1.074512,81.49716,10.607942,45.0508,CSO
3788954743000,1.345004,7.10412473530189,-1.91290912415289,7.00497120033037,-0.3555236,0.31581733,1.0836749,81.27118,10.776875,44.9423,CSO
3788959727000,1.349988,7.08023233384424,-1.9501812666347,7.00640473838037,-0.35460728,0.35002577,1.063211,81.05352,10.942417,44.830402,CSO
3788964715000,1.354976,7.05632075710453,-1.98748332255349,7.00783942694244,-0.35155296,0.39095375,1.054048,80.838615,11.10976,44.710396,CSO
3788969706000,1.359967,7.03239479890326,-2.02480781355001,7.00927497838858,-0.3491095,0.41447207,1.0726794,80.629196,11.275094,44.588287,CSO
3788974692000,1.364953,7.00849280980458,-2.06209491275031,7.01070909169461,-0.36346483,0.42638394,1.0595458,80.444916,11.431442,44.4647,CSO
3788979735000,1.369996,6.98431757293642,-2.09980827842762,7.01215959979777,-0.36468655,0.45173484,1.0354166,80.26771,11.5829315,44.333954,CSO
3788984722000,1.374983,6.96041079001722,-2.13710285598717,7.01359400073183,-0.38240165,0.47525316,1.0122037,80.10193,11.734911,44.20497,CSO
3788989884000,1.380145,6.93566508850751,-2.17570614641475,7.01507873656932,-0.38698313,0.49510628,0.99204516,79.95165,11.877194,44.07542,CSO
3788994709000,1.38497,6.9125349045121,-2.21178922977645,7.01646654176419,-0.38973203,0.5027421,1.0103711,79.80137,12.022883,43.945206,CSO
3788999686000,1.389947,6.88867605979807,-2.24900902374353,7.01789806641805,-0.41141775,0.5207626,1.0088439,79.67382,12.162434,43.8137,CSO
3789004799000,1.39506,6.86416525549371,-2.28724587456806,7.01936870848259,-0.42088616,0.5503896,0.99296147,79.55102,12.298139,43.68037,CSO
3789009756000,1.400017,6.76029836423557,-2.29239008095542,7.01073395031452,-0.43463063,0.5870415,0.97433007,79.43664,12.435488,43.544323,CSO
3789014766000,1.405027,6.62032620815936,-2.28364187829337,6.99761176050688,-0.4288274,0.6356053,0.9447031,79.34069,12.562717,43.403103,CSO
3789019693000,1.409954,6.57546563255814,-2.33911167674419,7.04092878702176,-0.41386122,0.6533204,0.9251554,79.01748,12.853974,43.164238,CSO
3789024684000,1.414945,6.6266905372093,-2.46205111627907,7.14337843585897,-0.41630468,0.6747007,0.93309665,78.712715,13.141413,42.917545,CSO
3789029785000,1.420046,6.60228376200768,-2.5922726214057,7.12880275284982,-0.41172317,0.66950834,0.97005403,78.29413,13.4377775,42.640827,CSO
3789035619000,1.42588,6.52177778443804,-2.74433943679155,7.03040649577329,-0.4166101,0.6918049,0.9636399,77.90958,13.723446,42.36144,CSO
3789039807000,1.430068,6.46452396303237,-2.84941833901192,6.97074053901192,-0.41630468,0.7483099,0.95447695,77.40676,14.038423,42.045547,CSO
3789044702000,1.434963,6.40063512350937,-2.94924465076661,6.96275447576661,-0.42394048,0.82253003,0.9263771,76.937775,14.343965,41.72945,CSO
3789049695000,1.439956,6.33546720201022,-3.05106952810903,6.95460852810903,-0.41691554,0.8362745,0.91446525,76.346146,14.691922,41.382008,CSO
3789054726000,1.444987,6.28295636638706,-3.10811759511875,6.89615744047499,-0.42088616,0.8151997,0.9260717,75.784645,15.034846,41.03401,CSO
3789059748000,1.450009,6.23435137459323,-3.15186218416372,6.82324987665488,-0.43066,0.79320854,0.9059132,75.262405,15.361334,40.69643,CSO
3789064722000,1.454983,6.04737087269216,-3.19733660513712,6.67224527358053,-0.41538838,0.7974846,0.8762862,74.68421,15.70903,40.334026,CSO
3789069661000,1.459922,5.8281364078988,-3.24301038440518,6.5032519230591,-0.4016439,0.8249735,0.8622363,74.1291,16.050373,39.980286,CSO
3789074692000,1.464953,5.81229304649687,-3.33140233990755,6.49868577615336,-0.3930918,0.8933904,0.82253003,73.59116,16.386198,39.61322,CSO
3789079778000,1.470039,5.8785138451917,-3.43735571001541,6.56049190103326,-0.3894266,0.9642508,0.77304995,73.08265,16.708433,39.248417,CSO
3789084726000,1.474987,5.79284103398208,-3.53753490027803,6.52437144197302,-0.3839288,0.9831876,0.77854776,72.54053,17.053267,38.859776,CSO
3789089718000,1.479979,5.57130511109052,-3.63599527618165,6.40129610060756,-0.39706242,1.0088439,0.7293731,72.0594,17.375204,38.46953,CSO
3789094741000,1.485002,5.37907491395986,-3.71950866430908,6.30987959526125,-0.3848451,1.0503827,0.68569624,71.59151,17.700615,38.06568,CSO
3789099704000,1.489965,5.21099178062063,-3.79094400914154,6.2426463243745,-0.36346483,1.1090258,0.65057147,71.15524,18.012865,37.662537,CSO
3789105233000,1.495494,5.05798312150203,-3.87397072174121,6.21222786749581,-0.32589662,1.1450669,0.61178154,70.74146,18.334606,37.237442,CSO
3789109804000,1.500065,4.97771227263813,-3.94726153006458,6.2471282524117,-0.30604348,1.138042,0.59131753,70.34534,18.646612,36.8177,CSO
3789114681000,1.504942,4.89206779005023,-4.02545870184166,6.28436500087698,-0.3100141,1.135293,0.56688297,69.9352,18.973763,36.377796,CSO
3789119751000,1.510012,4.70965177429323,-4.03408161010613,6.30662361806143,-0.31887165,1.153619,0.5143485,69.55273,19.283455,35.947582,CSO
3789124670000,1.514931,4.51054643648915,-4.02523249219499,6.32432190008453,-0.31245756,1.169807,0.47525316,69.182396,19.583393,35.527657,CSO
3789129768000,1.520029,4.29143734709365,-4.04762558575273,6.34295270612025,-0.3155119,1.1917981,0.42546764,68.80496,19.89726,35.093857,CSO
3789134784000,1.525045,4.0698292252422,-4.08456021487775,6.36142003996617,-0.31398472,1.2046263,0.37751472,68.449745,20.196991,34.67075,CSO
3789139756000,1.530017,3.85548788258305,-4.11379479548794,6.37519096374832,-0.32559118,1.1835514,0.34574974,68.06412,20.502811,34.226692,CSO
3789144764000,1.535025,3.6966613626203,-4.06416159221774,6.34044768518059,-0.33933565,1.1603385,0.2932153,67.711136,20.792349,33.79687,CSO
3789149717000,1.539978,3.54037643508875,-4.01992240561959,6.30001779619753,-0.33292156,1.1438452,0.23915374,67.38456,21.090221,33.34524,CSO
3789154726000,1.544987,3.38702666068815,-4.00378033741062,6.22334276151258,-0.3268129,1.1139128,0.19792034,67.072525,21.380697,32.916,CSO
3789159694000,1.549955,3.23493209506183,-3.98777039633213,6.14729533242197,-0.32162055,1.0961977,0.1518,66.80928,21.653225,32.485508,CSO
3789164721000,1.554982,3.11970466614097,-4.04316312234739,6.08573422793692,-0.3286455,1.0873401,0.09315695,66.564575,21.915209,32.074467,CSO
3789169664000,1.559925,3.01813150482781,-4.11934286075528,6.02986910057934,-0.3323107,1.0595458,0.044898596,66.32997,22.166447,31.684477,CSO
3789174704000,1.564965,2.89260238254867,-4.14287213971681,6.0199941400708,-0.32925636,1.0329732,-0.0036651916,66.124855,22.414745,31.290308,CSO
3789179728000,1.569989,2.76486638226549,-4.15990358863717,6.01573627784071,-0.32467487,1.026559,-0.055283304,65.937386,22.652975,30.911047,CSO
3789184711000,1.574972,2.64984804486101,-4.19024648434069,6.03552814056781,-0.34116822,1.0259482,-0.1133155,65.753235,22.907175,30.531424,CSO
3789189735000,1.579996,2.54037936388367,-4.22832277849441,6.06884463082402,-0.32986724,1.0112875,-0.17073683,65.58431,23.14345,30.169756,CSO
3789194691000,1.584952,2.46051197721519,-4.25089014683544,6.12030678481013,-0.32925636,0.98990715,-0.2302962,65.444626,23.383993,29.795626,CSO
3789199706000,1.589967,2.39699538676554,-4.26450085494049,6.18382380162479,-0.32284227,0.9486737,-0.28588495,65.31757,23.610395,29.44327,CSO
3789204727000,1.594988,2.31351037421429,-4.21496484728571,6.23699834075,-0.3109304,0.9104946,-0.34300083,65.21932,23.833033,29.08429,CSO
3789209725000,1.599986,2.21094275696429,-4.10384984678571,6.279734676875,-0.3222314,0.8863655,-0.3885103,65.13101,24.0516,28.743713,CSO
3789214694000,1.604955,2.1343981173307,-4.0419369740781,6.34555240189817,-0.3100141,0.8668178,-0.41050145,65.063324,24.254354,28.401676,CSO
3789219698000,1.609959,2.12966037069698,-4.11774111810183,6.47820925817103,-0.31490102,0.8384125,-0.45906523,65.01185,24.451994,28.083021,CSO
3789224710000,1.614971,2.11326316587537,-4.18188202818991,6.59525107047478,-0.32253686,0.7828238,-0.4981606,64.998314,24.617632,27.767715,CSO
3789229747000,1.620008,2.05958539263724,-4.20872096151706,6.66234840379266,-0.33169982,0.7761043,-0.5549711,65.00589,24.774607,27.460976,CSO
3789234743000,1.625004,2.0107216640622,-4.23172578367153,6.72658812344017,-0.33108896,0.77579886,-0.61269784,65.02188,24.928991,27.15914,CSO
3789239707000,1.629968,2.00621386630002,-4.21820229624502,6.76715830329983,-0.32406402,0.75319684,-0.65179324,65.0431,25.077885,26.874613,CSO
3789245221000,1.635482,2.00436294860077,-4.20609195486521,6.81660394880616,-0.32742378,0.73426,-0.6979135,65.092514,25.221113,26.584213,CSO
3789249698000,1.639959,2.03738638872058,-4.22810745389816,6.90466628976466,-0.3182608,0.7305948,-0.745561,65.15058,25.353321,26.305954,CSO
3789254738000,1.644999,2.07456265367565,-4.2528914867608,7.00380280940522,-0.31795537,0.72143185,-0.7968737,65.22769,25.473726,26.040817,CSO
3789259717000,1.649978,2.07466679548255,-4.29306418706366,7.08341541889117,-0.31978795,0.70707655,-0.8359691,65.3112,25.587353,25.787212,CSO
3789264712000,1.654973,2.05420293690965,-4.34217728524127,7.15299241837782,-0.30268374,0.689056,-0.86315256,65.40146,25.690699,25.546486,CSO
3789269706000,1.659967,2.06233139886493,-4.37160703019296,7.23172107098577,-0.30207285,0.68233645,-0.8863655,65.503746,25.78729,25.311607,CSO
3789274685000,1.664946,2.13727184812713,-4.35495365981839,7.33164146712652,-0.30115658,0.70341134,-0.95264435,65.62448,25.870106,25.088104,CSO
3789280151000,1.670412,2.21128194755997,-4.33109020669975,7.4359240259512,-0.28405234,0.68783426,-1.0180069,65.74654,25.951097,24.86723,CSO
3789284713000,1.674974,2.20224775368073,-4.26333375260546,7.47657780407361,-0.26511553,0.655153,-1.0687088,65.880615,26.024717,24.656824,CSO
3789289795000,1.680056,2.1945889191431,-4.19276642757498,7.52079324611825,-0.25320363,0.6426302,-1.1016954,66.035706,26.070715,24.46345,CSO
3789294760000,1.685021,2.2108867124593,-4.17239393065981,7.55338891784062,-0.22937989,0.6258314,-1.1447614,66.198524,26.101633,24.291372,CSO
3789299658000,1.689919,2.22696457583548,-4.1522963496144,7.5855447285347,-0.20525073,0.6032294,-1.1863003,66.382904,26.106411,24.12885,CSO
3789304721000,1.694982,2.23863145801201,-4.12505066373995,7.587172141988,-0.20463985,0.6026186,-1.2385293,66.57892,26.105616,23.975502,CSO
3789309701000,1.699962,2.24833589671381,-4.09593739830095,7.57746770328619,-0.19181168,0.5907067,-1.280679,66.77451,26.093096,23.837713,CSO
3789314740000,1.705001,2.26546952927852,-4.02215648192795,7.51184413503642,-0.18784106,0.5626069,-1.2993103,66.98151,26.070307,23.712238,CSO
3789319694000,1.709955,2.28440709772478,-3.93693725089312,7.43135925903602,-0.17898351,0.5693264,-1.3432927,67.20619,26.03634,23.5925,CSO
3789324723000,1.714984,2.31114499965591,-3.80228890537634,7.39971221926882,-0.17684549,0.56107974,-1.400714,67.43265,25.994785,23.491173,CSO
3789329824000,1.720085,2.34056094184086,-3.65100750623656,7.38290309691183,-0.16310102,0.52564955,-1.4358387,67.65763,25.947401,23.399767,CSO
3789334907000,1.725168,2.36533604919166,-3.50841919330961,7.35761851320793,-0.17104226,0.50732356,-1.4679092,67.89981,25.88808,23.327745,CSO
3789339769000,1.73003,2.38427347739705,-3.38059150348754,7.32447811271988,-0.17073683,0.5222898,-1.4944818,68.14526,25.821846,23.261105,CSO
3789344733000,1.734994,2.41763985694574,-3.25768440979888,7.29448309766136,-0.16982053,0.50793445,-1.5430456,68.4216,25.71521,23.231503,CSO
3789349764000,1.740025,2.46646671594949,-3.14125084101964,7.2681916909261,-0.17073683,0.48899764,-1.5460999,68.68937,25.614397,23.196682,CSO
3789355664000,1.745925,2.52055062033946,-2.99726353160496,7.24469230084864,-0.17592919,0.47403142,-1.5653422,68.98539,25.483335,23.185928,CSO
3789360722000,1.750983,2.53861998689732,-2.80753513557773,7.28986571724331,-0.1853976,0.46273044,-1.6221527,69.28539,25.351824,23.183638,CSO
3789364679000,1.75494,2.55275610462557,-2.65910586252914,7.32520601156393,-0.1731803,0.44318274,-1.6328428,69.58542,25.190496,23.203035,CSO
3789369701000,1.759962,2.56711991526591,-2.51334309768531,7.3088673075411,-0.16249016,0.42058071,-1.6303993,69.89031,25.03008,23.23019,CSO
3789374661000,1.764922,2.58020931289611,-2.38245035147424,7.27396261166529,-0.18234327,0.38759398,-1.6664404,70.1995,24.871742,23.269644,CSO
3789379714000,1.769975,2.62124289772727,-2.27982413636364,7.26395358636364,-0.18967366,0.36743546,-1.715615,70.546715,24.659523,23.32429,CSO
3789384708000,1.774969,2.6811859197861,-2.19990010695187,7.27194598930481,-0.19333886,0.34025195,-1.7605137,70.89211,24.4515,23.390438,CSO
3789389754000,1.780015,2.74325104175449,-2.13166770530965,7.28926401039847,-0.19425514,0.32986724,-1.7800614,71.26057,24.216005,23.468302,CSO
3789394702000,1.784963,2.80983787146442,-2.11264291101074,7.34158219472047,-0.21471913,0.29993483,-1.8038851,71.63117,23.984547,23.560772,CSO
3789399719000,1.78998,2.87459867676215,-2.09175409501126,7.38848946379144,-0.22876903,0.28680122,-1.8383989,72.02412,23.725708,23.672413,CSO
3789404708000,1.794969,2.92842078593499,-2.0648429601384,7.41155616229482,-0.24220806,0.28069258,-1.8655825,72.4136,23.474186,23.787561,CSO
3789409746000,1.800007,2.98277151474091,-2.03766751466044,7.43484941285806,-0.24831672,0.2519819,-1.8784106,72.80007,23.214966,23.917667,CSO
3789414776000,1.805037,3.03375006201296,-2.01711591153882,7.47080488029293,-0.25809056,0.22479841,-1.894904,73.189514,22.96066,24.048029,CSO
3789419745000,1.810006,3.08289655576941,-1.99924449319313,7.51101547826495,-0.25778514,0.17898351,-1.9141463,73.572044,22.707611,24.187727,CSO
3789424690000,1.814951,3.13010416562986,-1.97020086749611,7.53281373312597,-0.25167647,0.118507855,-1.9346102,73.95721,22.443895,24.349258,CSO
3789429800000,1.820061,3.17767166951788,-1.93214686438569,7.54232723390358,-0.24587326,0.06078109,-1.9559906,74.33771,22.181818,24.518959,CSO
3789434720000,1.824981,3.23575980295858,-1.91006047980899,7.55447493877297,-0.23396139,0.0027488936,-1.96271,74.712654,21.9098,24.705141,CSO
3789439710000,1.829971,3.30521233550296,-1.90013865244472,7.56935760211772,-0.22266038,-0.06261369,-1.9669861,75.08007,21.638266,24.904358,CSO
3789444689000,1.83495,3.38704883021082,-1.91336140145187,7.58097189053302,-0.2012801,-0.13133603,-1.9755383,75.44805,21.351364,25.125454,CSO
3789449693000,1.839954,3.47759411028242,-1.94195471326571,7.59050297788385,-0.17989981,-0.1994475,-1.9917262,75.807175,21.064243,25.3579,CSO
3789454798000,1.845059,3.58492859259753,-1.98683777099033,7.57684747222408,-0.15393804,-0.27000242,-2.0060816,76.159485,20.76658,25.61639,CSO
3789459717000,1.849978,3.69802629308436,-2.04024502208736,7.54857307990664,-0.13133603,-0.33567044,-2.0323486,76.508514,20.464823,25.886717,CSO
3789464753000,1.855014,3.81381405881961,-2.09492258186062,7.51962617205735,-0.1151481,-0.398895,-2.0421226,76.83969,20.163618,26.183222,CSO
3789469701000,1.859962,3.96151580335069,-2.15407637043067,7.46792857453857,-0.10262536,-0.46517387,-2.0708332,77.17265,19.855637,26.493872,CSO
3789474693000,1.864954,4.13346872806436,-2.21742737832466,7.40005249465215,-0.086132,-0.5235115,-2.087632,77.4954,19.546917,26.809744,CSO
3789479776000,1.870037,4.2972484662967,-2.27460244470076,7.34910188004353,-0.07696902,-0.5662721,-2.1065688,77.78535,19.251389,27.167881,CSO
3789484731000,1.874992,4.44527025784548,-2.32279566972797,7.3181205673123,-0.058643065,-0.6206391,-2.116648,78.06719,18.951677,27.534868,CSO
3789489743000,1.880004,4.59499482277838,-2.37154328705114,7.28678286006529,-0.047647487,-0.655153,-2.13925,78.296974,18.668278,27.932684,CSO
3789494749000,1.88501,4.78639935648423,-2.40814884620914,7.21788307915269,-0.040927973,-0.6743952,-2.1545217,78.52221,18.383476,28.329178,CSO
3789499765000,1.890026,4.99359544589284,-2.44037927849133,7.13500450877025,-0.014049901,-0.7125743,-2.1789563,78.75015,18.089008,28.731237,CSO
3789504775000,1.895036,5.35696867759352,-2.47329506188199,7.0362855034786,0.016187929,-0.7257079,-2.2201898,78.982994,17.79469,29.16387,CSO
3789509754000,1.900015,5.80198490019283,-2.50639540779792,6.92962887170845,0.06291912,-0.7535023,-2.2235496,79.205284,17.49399,29.595932,CSO
3789514784000,1.905045,6.24279685970179,-2.53643526739563,6.8225895695825,0.087964594,-0.7837401,-2.2510383,79.5053,17.171124,30.076815,CSO
3789519764000,1.910025,6.54146750840954,-2.51273125944334,6.72777353777336,0.14049901,-0.8136725,-2.2858577,79.804276,16.831375,30.551764,CSO
3789524954000,1.915215,6.84675645073892,-2.49034711083744,6.62955647832512,0.1908954,-0.8561276,-2.3069327,80.18751,16.454653,31.142422,CSO
3789529729000,1.91999,7.06318977127403,-2.49476411267266,6.54563325896842,0.24373524,-0.89461213,-2.3228152,80.57589,16.063402,31.726137,CSO
3789535135000,1.925396,7.30596030149254,-2.50171507078891,6.45356294264392,0.30543262,-0.90224797,-2.332589,81.00854,15.63501,32.363266,CSO
3789539706000,1.929967,7.46930191641791,-2.54371734653518,6.43022842622601,0.36254853,-0.8848383,-2.3353379,81.44192,15.197826,32.986427,CSO
3789544720000,1.934981,7.64216552462239,-2.585738,6.40283347465835,0.41355577,-0.8582657,-2.3310618,81.89108,14.740552,33.64492,CSO
3789549716000,1.939977,7.74922861082075,-2.585738,6.35694928915528,0.47555858,-0.81489426,-2.3264804,82.34446,14.271779,34.275284,CSO
3789554738000,1.944999,7.85684887080636,-2.585738,6.31082631485655,0.52778757,-0.77854776,-2.3096814,82.80302,13.800592,34.912045,CSO
3789559715000,1.949976,7.9466321112714,-2.54266352731295,6.24350319714368,0.5699373,-0.7189884,-2.2828035,83.26306,13.325604,35.51066,CSO
3789564780000,1.955041,8.02593672283131,-2.46802370378919,6.15953335914599,0.593761,-0.64873886,-2.239432,83.71584,12.854604,36.07573,CSO
3789570157000,1.960418,8.05175353444479,-2.35504500723498,6.09276483139352,0.62796944,-0.57940567,-2.1835377,84.169174,12.377887,36.638027,CSO
3789574684000,1.964945,8.03357006071091,-2.23685171594841,6.05185175441963,0.6579019,-0.5030475,-2.1273382,84.61377,11.910949,37.158775,CSO
3789579758000,1.970019,8.01501264103844,-2.10484160703944,5.96920961767349,0.6951646,-0.43401974,-2.058005,85.0539,11.434208,37.671783,CSO
3789584720000,1.974981,7.99806660238214,-1.97605160708223,5.86414424878397,0.72326446,-0.33505958,-1.9898936,85.4829,10.969681,38.135788,CSO
3789589731000,1.979992,7.98095322074032,-1.84598979938663,5.75804135408316,0.7480045,-0.24251351,-1.9214766,85.90979,10.491118,38.577164,CSO
3789594760000,1.985021,7.94593474417077,-1.64609422824302,5.64581462479475,0.7733554,-0.12980886,-1.8655825,86.32489,10.0238285,38.967667,CSO
3789599655000,1.989916,7.90744670147783,-1.43440979248768,5.53516130110837,0.7858781,-0.07513642,-1.8209893,86.7197,9.571705,39.332115,CSO
3789604737000,1.994998,7.81170426493869,-1.28068280691855,5.47571272042668,0.7837401,0.009773844,-1.7916678,87.14359,9.09482,39.66701,CSO
3789609720000,1.999981,7.707042090001,-1.14271898118832,5.42813900454591,0.79045963,0.08032878,-1.7534887,87.54766,8.630841,39.97593,CSO
3789614712000,2.004973,7.58966058774212,-1.10502250284283,5.41274065142141,0.7837401,0.12095132,-1.7168368,87.98277,8.1390085,40.27795,CSO
3789619693000,2.009954,7.47014106793871,-1.08663489918088,5.40354684959044,0.7809912,0.15271631,-1.6856827,88.40618,7.659008,40.550304,CSO
3789624734000,2.014995,7.38938082551391,-1.11177811269649,5.45311701995163,0.8005389,0.1863139,-1.6566665,88.8318,7.163621,40.801487,CSO
3789629742000,2.020003,7.32172165550181,-1.15044043788795,5.52077598810963,0.8371908,0.21319197,-1.6325374,89.24475,6.6780105,41.034668,CSO
3789634755000,2.025016,7.17820073312309,-1.13844052694179,5.82033730618129,0.87872964,0.21777347,-1.5870279,89.63436,6.202771,41.246544,CSO
3789639759000,2.03002,7.01411272858173,-1.11253190888448,6.18305831969724,0.9098838,0.17837265,-1.5387696,90.0083,5.734736,41.453754,CSO
3789644695000,2.034956,6.93006551259757,-1.09608500503903,6.4080673892896,0.9642508,0.1142318,-1.4902058,90.352905,5.277703,41.645115,CSO
3789649695000,2.039956,6.90640974735698,-1.08662269894279,6.53107746734512,1.0082331,0.05497787,-1.4385877,90.67225,4.8335357,41.836735,CSO
3789654816000,2.045077,6.86889684393881,-1.05577504393881,6.65993111899809,1.0516045,0.034208454,-1.3836098,90.92026,4.3969593,41.964745,CSO
3789659717000,2.049978,6.82223014042065,-1.00910834042065,6.78557225538814,1.0619892,0.052839845,-1.3332134,91.14683,3.9746313,42.0898,CSO
3789665210000,2.055471,6.76933341057481,-0.956675534401053,6.92627359472576,1.0647382,0.062308256,-1.284955,91.33416,3.560834,42.208813,CSO
3789669707000,2.059968,6.69752368073717,-0.907542602896007,7.03587793583151,1.0454959,0.055283304,-1.2391402,91.5023,3.1659758,42.31949,CSO
3789674668000,2.064929,6.61830463032032,-0.853340140544098,7.15679124164107,1.0238101,0.04337143,-1.2012665,91.62202,2.775643,42.416466,CSO
3789679830000,2.070091,6.58085481320201,-0.761288713445096,7.26300144107292,1.0064005,0.012217305,-1.1710287,91.72873,2.402653,42.513897,CSO
3789685719000,2.07598,6.56667259069572,-0.63364905642917,7.37173123772003,0.981355,-0.0018325958,-1.1224649,91.81623,2.053186,42.603024,CSO
3789689760000,2.080021,6.5825502879866,-0.523133565255337,7.45238201538301,0.95905846,-0.01740966,-1.0858129,91.96659,1.6990399,42.664204,CSO
3789694762000,2.085023,6.66776958601925,-0.327630814007953,7.56767874351193,0.94897914,-0.06047566,-1.0430524,92.09409,1.3646078,42.73243,CSO
3789699661000,2.089922,6.74205236419371,-0.119110607800103,7.62862489706337,0.9450085,-0.089186326,-1.0158689,92.27387,1.0122885,42.78494,CSO
3789704759000,2.09502,6.80074336278551,0.13242241840632,7.58670258011334,0.93431836,-0.14538592,-0.9605856,92.4229,0.68385136,42.853256,CSO
3789710124000,2.100385,6.85454949326513,0.397937544703751,7.54114635539216,0.9053023,-0.20555615,-0.89736104,92.60208,0.33184657,42.927887,CSO
3789714719000,2.10498,6.83110245788576,0.63240806498295,7.4895629754902,0.9126327,-0.21105394,-0.8717047,92.77175,-0.015111795,42.998352,CSO
3789719694000,2.109955,6.79417250654213,0.883810593139554,7.45024802244932,0.906524,-0.18234327,-0.8240572,92.96542,-0.39287385,43.090286,CSO
3789724710000,2.114971,6.68150339017423,1.12122046139219,7.51865436320992,0.91232723,-0.10170906,-0.7779369,93.1469,-0.76227665,43.163048,CSO
3789729778000,2.120039,6.56766625266376,1.3610915164768,7.58776986061317,0.91813046,-0.036957346,-0.7257079,93.36316,-1.1655205,43.23483,CSO
3789734757000,2.125018,6.40935375176645,1.45786140898103,7.63435538769059,0.9282097,0.01282817,-0.6814202,93.560486,-1.5554814,43.28301,CSO
3789739868000,2.130129,6.23187765052064,1.51246942185757,7.67531133795091,0.91629785,0.04428773,-0.64812803,93.73782,-1.926553,43.314156,CSO
3789744741000,2.135002,6.04460126450941,1.53730382316301,7.6976981954715,0.9120218,0.10476339,-0.61178154,93.97635,-2.3462806,43.291294,CSO
3789749812000,2.140073,5.83816092929643,1.54572998892166,7.71033737812093,0.904386,0.17531833,-0.59559363,94.202965,-2.75234,43.25413,CSO
3789754847000,2.145108,5.64313067290314,1.54496394701356,7.72754474483197,0.8854492,0.24923302,-0.57940567,94.44349,-3.1543198,43.163326,CSO
3789759762000,2.150023,5.47364680146851,1.52502464148546,7.75413050866987,0.86437434,0.3100141,-0.56169057,94.66836,-3.5435936,43.0562,CSO
3789764712000,2.154973,5.30295602555775,1.5049433470065,7.78090559127365,0.8533788,0.3659083,-0.5412266,94.89808,-3.9244435,42.892612,CSO
3789769775000,2.160036,5.08990363391065,1.48918663002969,7.85306298957302,0.8405506,0.40408736,-0.5369505,95.118004,-4.293949,42.718502,CSO
3789774779000,2.16504,4.8358264005726,1.47902355060088,7.97501983659692,0.850019,0.4025602,-0.5180137,95.31637,-4.6529756,42.54303,CSO
3789779736000,2.169997,4.58413558409444,1.46895592775343,8.09583120564117,0.8527679,0.35002577,-0.5155703,95.52486,-5.000561,42.33264,CSO
3789784739000,2.175,4.42541569324369,1.49067705474361,8.13774301682813,0.86467975,0.25900686,-0.50610185,95.71832,-5.341691,42.137657,CSO
3789790647000,2.180908,4.30256013089193,1.53792926242693,8.13301794901453,0.8906415,0.15149458,-0.50488013,95.91089,-5.6821604,41.96495,CSO
3789794696000,2.184957,4.22457531939673,1.58435481042826,8.12263137091701,0.9049969,0.10323623,-0.5045747,96.10393,-6.0126457,41.73157,CSO
3789799750000,2.190011,4.14650241219453,1.68584935337527,8.08749855044762,0.9233228,-0.015577064,-0.50823987,96.301285,-6.3449116,41.550987,CSO
3789804755000,2.195016,4.06918644453585,1.78635987720784,8.05270635289136,0.93615097,-0.13683382,-0.50762904,96.51264,-6.6854625,41.367836,CSO
3789809712000,2.199973,4.03500793173187,1.92188407800053,8.00616296953104,0.95233893,-0.27885997,-0.50762904,96.72823,-7.026242,41.22546,CSO
3789814730000,2.204991,4.01378723827608,2.07042906514175,7.95523334955401,0.9575313,-0.40683624,-0.49449542,96.940155,-7.359512,41.114815,CSO
3789819692000,2.209953,4.02744923959094,2.2425818092038,7.91255503228634,0.9465357,-0.5412266,-0.48899764,97.183205,-7.71707,41.034687,CSO
3789824692000,2.214953,4.07741689063967,2.44245251775018,7.87757767655223,0.9477574,-0.6740898,-0.4792238,97.42383,-8.069409,40.990097,CSO
3789829987000,2.220248,4.25084420108992,2.64533585177112,7.82148514877384,0.9440922,-0.80878556,-0.46700647,97.70081,-8.448769,40.983643,CSO
3789834717000,2.224978,4.47918720653951,2.8212216106267,7.75977089264305,0.95203346,-0.9034697,-0.44440445,97.9734,-8.82095,41.001545,CSO
3789839680000,2.229941,4.71877839809264,3.00577150940055,7.69501658964578,0.95630956,-1.0067059,-0.43249258,98.29529,-9.22702,41.064117,CSO
3789844691000,2.234952,4.92364068473848,3.19265699066953,7.64441977212005,0.9746355,-1.0800097,-0.41080686,98.607346,-9.624904,41.142067,CSO
3789849715000,2.239976,5.10750084619059,3.38034740716503,7.60228496680201,0.977079,-1.142318,-0.3921755,98.92104,-10.011902,41.24126,CSO
3789854746000,2.245007,5.29727679428571,3.56632478167598,7.5600776780846,0.98532563,-1.1774428,-0.35796702,99.27179,-10.443928,41.411335,CSO
3789859742000,2.250003,5.52256784571429,3.73815703821229,7.51807435632881,0.98440933,-1.1991285,-0.3210097,99.6166,-10.862115,41.58857,CSO
3789864683000,2.254944,5.74537871142857,3.90809762659218,7.47653344103751,0.96791595,-1.1997393,-0.28099802,99.998474,-11.310871,41.799065,CSO
3789869693000,2.259954,6.046537283983,4.11211458484346,7.4940020456355,0.93737274,-1.1957687,-0.23945917,100.364944,-11.739639,42.007248,CSO
3789874710000,2.264971,6.39520801766535,4.33626006021149,7.54879303238648,0.90041536,-1.1942415,-0.19211712,100.71198,-12.145731,42.210434,CSO
3789879780000,2.270041,6.88191634406307,4.66993431143828,7.70973888134855,0.8555168,-1.1734722,-0.1469131,101.07629,-12.566173,42.449253,CSO
3789884722000,2.274983,7.41379088179284,5.04100967044168,7.91176890905131,0.7965683,-1.1487321,-0.10720685,101.42119,-12.958205,42.678787,CSO
3789889698000,2.279959,7.73806,5.267244,8.034941,0.72784597,-1.1291844,-0.084910266,101.786476,-13.357071,42.932495,CSO
3789894697000,2.284958,7.73806,5.267244,8.034941,0.64812803,-1.1301007,-0.0888809,102.141754,-13.728852,43.173225,CSO
3789899689000,2.28995,7.84337145246363,5.50858306977945,8.02616496926326,0.6059783,-1.1297953,-0.09254608,102.54913,-14.139583,43.44754,CSO
3789904753000,2.295014,8.06184633786954,6.00925535546692,8.00795857038949,0.5335908,-1.1597277,-0.10873401,102.9578,-14.518348,43.711876,CSO
3789909729000,2.29999,8.184405944312,6.38572566324974,7.95994817273767,0.44593164,-1.2186762,-0.1301143,103.387215,-14.878914,43.979584,CSO
3789914712000,2.304973,8.1480020574044,6.56319568103366,7.85983700858205,0.36682457,-1.2935071,-0.15851954,103.822525,-15.2201605,44.242043,CSO
3789919658000,2.309919,8.12395337856258,6.71111651688352,7.76055120012392,0.30176744,-1.3845261,-0.16340645,104.35452,-15.629793,44.517967,CSO
3789924691000,2.314952,8.13515211539653,6.77830991236834,7.65976100944857,0.23945917,-1.473407,-0.16798794,104.89412,-16.015839,44.792984,CSO
3789929900000,2.320161,8.14674246313507,6.8478530073575,7.55544626610905,0.16615535,-1.53205,-0.17745635,105.481636,-16.417204,45.07115,CSO
3789934745000,2.325006,8.1560987336864,6.85721556227539,7.46500396557594,0.07666359,-1.5723672,-0.18020524,106.06525,-16.789274,45.35047,CSO
3789939733000,2.329994,8.1651341178362,6.84366272191224,7.3746520109703,0.008246681,-1.5735888,-0.16737708,106.63531,-17.13736,45.61883,CSO
3789944696000,2.334957,8.18627802301055,6.79900026797699,7.30562534707574,-0.08735373,-1.543351,-0.15393804,107.21664,-17.471704,45.887814,CSO
3789949708000,2.339969,8.21695790220518,6.72997021943113,7.25193535826143,-0.17073683,-1.4825699,-0.12370021,107.767136,-17.777994,46.137188,CSO
3789954830000,2.345091,8.24262525167144,6.63340694541547,7.18940610315186,-0.23976462,-1.389413,-0.08674286,108.30885,-18.057049,46.394108,CSO
3789959786000,2.350047,8.20862631852913,6.27075046203438,7.04963222922636,-0.30909783,-1.2913691,-0.055283304,108.81522,-18.306221,46.623386,CSO
3789964682000,2.354943,8.1750389947469,5.91248449297994,6.91155053295129,-0.3475823,-1.1759156,-0.03573562,109.27798,-18.522182,46.837517,CSO
3789969752000,2.360013,8.12608622781814,5.64417269254723,6.79553476375337,-0.3594942,-1.040609,-0.038789943,109.7019,-18.721691,47.012066,CSO
3789974690000,2.364951,8.0671820829562,5.46418770105875,6.70390583578991,-0.35460728,-0.9025534,-0.045814894,110.08444,-18.907753,47.14988,CSO
3789980345000,2.370606,7.99972502763131,5.25806880132863,6.59897234295205,-0.3286455,-0.763887,-0.07941248,110.390434,-19.028992,47.29289,CSO
3789984758000,2.375019,7.91717954660608,5.04010957568872,6.55192281709742,-0.28619036,-0.6795876,-0.1414153,110.68419,-19.158937,47.40341,CSO
3789989703000,2.379964,7.8140633056234,4.77559350639023,6.51157305897946,-0.24251351,-0.634689,-0.19914207,110.960526,-19.297201,47.48002,CSO
3789994692000,2.384953,7.67523847036463,4.44429711914058,6.46614797841132,-0.20311269,-0.62980205,-0.22510384,111.22627,-19.414227,47.56603,CSO
3789999693000,2.389954,7.50703450265468,4.05841745889887,6.4166762535895,-0.18234327,-0.6597345,-0.28863382,111.51766,-19.554346,47.632095,CSO
3790004843000,2.395104,7.33962983416856,3.62880263166287,6.3160676309795,-0.1518,-0.7162395,-0.355829,111.77718,-19.665918,47.72077,CSO
3790009848000,2.400109,7.18040252370919,3.19206531508162,6.18868572560744,-0.1386664,-0.79320854,-0.41996986,112.0633,-19.789589,47.80907,CSO
3790014711000,2.404972,7.01647406593935,2.73393053987589,6.01302673726354,-0.14721853,-0.88697636,-0.4896085,112.346985,-19.877478,47.92975,CSO
3790019706000,2.409967,6.83932109896907,2.23119851340206,5.78320674226804,-0.16615535,-0.9651671,-0.5653558,112.66299,-19.980024,48.050236,CSO
3790024699000,2.41496,6.70339777452762,1.80036051681504,5.54445546960392,-0.21533,-1.0436633,-0.63316184,112.94814,-20.022692,48.218853,CSO
3790029775000,2.420036,6.60624457321948,1.43382844991824,5.29274037389172,-0.26450464,-1.1029172,-0.6921103,113.26362,-20.07609,48.386078,CSO
3790034744000,2.425005,6.52366603719313,1.09319895189337,5.03555461633126,-0.31764993,-1.1371256,-0.74006325,113.55152,-20.065039,48.60626,CSO
3790039708000,2.429969,6.46856830460436,0.79266619502476,4.75505744423138,-0.37751472,-1.1624765,-0.79381937,113.866104,-20.058393,48.822575,CSO
3790045602000,2.435863,6.39629687639188,0.515933327868438,4.46671765075325,-0.40591997,-1.1612549,-0.83169305,114.1583,-20.003801,49.088894,CSO
3790049694000,2.439955,6.34129322859549,0.380257559922336,4.29803960606344,-0.40591997,-1.1355985,-0.8790351,114.46435,-19.957708,49.33917,CSO
3790054756000,2.445017,6.27070273445629,0.26255989165454,4.11221067614871,-0.39675698,-1.112691,-0.9111055,114.75059,-19.876434,49.63199,CSO
3790059712000,2.449973,6.19501241833948,0.276751859269411,3.98921385071265,-0.3491095,-1.0729848,-0.95447695,115.0389,-19.814434,49.898907,CSO
3790064691000,2.454952,6.10365869600518,0.310353278340611,3.91880517635452,-0.2846632,-1.0311406,-0.9981538,115.33784,-19.747007,50.191933,CSO
3790069698000,2.459959,5.96794073394792,0.399539317947598,4.00023577543264,-0.21533,-1.0027353,-1.0442741,115.6378,-19.697773,50.464993,CSO
3790074694000,2.464955,5.83252093398027,0.488529422576419,4.08148747764839,-0.17287487,-0.97310835,-1.1068878,115.97576,-19.681032,50.72474,CSO
3790079811000,2.470072,5.79601013383868,0.711012267976676,4.2194310159378,-0.11636983,-0.947452,-1.1551461,116.31012,-19.683558,50.967175,CSO
3790084721000,2.474982,5.78687075813411,0.957775583778426,4.3656612180758,-0.07727446,-0.97097033,-1.2021828,116.663025,-19.702507,51.19879,CSO
3790089707000,2.479968,5.84566428809338,1.24938573406615,4.45298772628405,-0.049785517,-0.97524637,-1.2461652,117.03479,-19.763018,51.377617,CSO
3790094707000,2.484968,5.92950786785992,1.55681243640078,4.51819944807393,-0.007330383,-0.9923506,-1.2562444,117.410416,-19.832533,51.557632,CSO
3790099739000,2.49,6.06335124338355,1.85810040778726,4.52460389448176,0.0076358155,-0.98807454,-1.2892311,117.87018,-19.963448,51.68539,CSO
3790104789000,2.49505,6.2213712343075,2.15658240406607,4.50265669898348,0.03268129,-1.0067059,-1.3127494,118.32968,-20.099619,51.8174,CSO
3790109725000,2.499986,6.40146055788292,2.45682964247241,4.52128614185525,0.084910266,-1.0155635,-1.3243558,118.874626,-20.301895,51.918854,CSO
3790115655000,2.505916,6.65105400280531,2.82856456280157,4.59563305937909,0.11453723,-1.0238101,-1.3267993,119.418495,-20.504145,52.01671,CSO
3790119690000,2.509951,6.87456390101523,3.06576016729648,4.65521561830231,0.15271631,-1.044885,-1.3295482,120.047554,-20.770494,52.115677,CSO
3790124692000,2.514953,7.24831486446701,3.33143863721564,4.74527630386351,0.15882497,-1.1010846,-1.3121386,120.66917,-21.02757,52.220127,CSO
3790129768000,2.520029,7.63749158655257,3.5942293205379,4.82860741075795,0.16187929,-1.1716396,-1.287704,121.357704,-21.334318,52.317154,CSO
3790134712000,2.524973,8.05200377596814,3.82575852896127,4.88088809535452,0.15790866,-1.2208142,-1.2507466,122.03069,-21.628149,52.41799,CSO
3790139717000,2.529978,8.47163029458159,4.06014438821674,4.93381382885086,0.1255328,-1.2611313,-1.1878275,122.75472,-21.92929,52.5523,CSO
3790144699000,2.53496,9.06182984222665,4.34154424600063,5.06846699606877,0.08307768,-1.2855659,-1.1191051,123.45746,-22.211838,52.69004,CSO
3790149718000,2.539979,9.74208007825768,4.64891692954188,5.24482836324562,0.015577064,-1.3051136,-1.042747,124.13017,-22.463053,52.837055,CSO
3790154722000,2.544983,10.3358740633725,4.8544987051358,5.28949361242914,-0.04550946,-1.2953397,-0.958753,124.8334,-22.70751,53.027016,CSO
3790159737000,2.549998,10.9047780565192,5.02923320297826,5.29355720934935,-0.098043874,-1.2599095,-0.87964594,125.493065,-22.920317,53.2148,CSO
3790164703000,2.554964,11.4320868191318,5.19041528916801,5.27307543215434,-0.12583824,-1.1640037,-0.8170323,126.1409,-23.115257,53.409668,CSO
3790169716000,2.559977,11.9096637234727,5.33513574332797,5.21518737138264,-0.14446963,-1.0320568,-0.7831292,126.731476,-23.28686,53.58477,CSO
3790174694000,2.564955,12.2754591740977,5.45571243548681,5.17517939408553,-0.16737708,-0.88239485,-0.7797695,127.3364,-23.44254,53.78038,CSO
3790179752000,2.570013,12.4860445116773,5.54386430882621,5.16048741519563,-0.17654006,-0.72692966,-0.7849618,127.87106,-23.587416,53.93816,CSO
3790185420000,2.575681,12.4783400775025,5.63353041197225,5.1523223,-0.16737708,-0.6062838,-0.8210029,128.4308,-23.737442,54.099648,CSO
3790189934000,2.580195,12.2812567795837,5.69779670866204,5.1523223,-0.17104226,-0.550695,-0.87995136,128.95453,-23.888306,54.22473,CSO
3790194669000,2.58493,11.852640326867,5.63541579814592,5.10426231359657,-0.16493362,-0.47036624,-0.90408057,129.46936,-24.045692,54.331398,CSO
3790199692000,2.589953,11.0804944190558,5.38353925245494,4.98451761533047,-0.13500121,-0.42424592,-0.94897914,129.98776,-24.222109,54.40784,CSO
3790204767000,2.595028,10.3454944123678,5.14156027568419,4.85809293162994,-0.10140363,-0.41691554,-0.9746355,130.529,-24.428076,54.43985,CSO
3790209720000,2.599981,10.0659532021474,5.02668030491644,4.68194366711068,-0.05681047,-0.44898596,-0.9654725,131.05365,-24.63669,54.46217,CSO
3790214726000,2.604987,9.78342073730524,4.91057105119884,4.50390950232502,-0.0015271631,-0.49754974,-0.91690874,131.58185,-24.861767,54.447994,CSO
3790219693000,2.609954,9.5057718635,4.8362588696,4.26725845359,0.03756821,-0.52106804,-0.86193085,132.09077,-25.081245,54.43479,CSO
3790224693000,2.614954,9.2280443635,4.7883748696,3.98953110359,0.0888809,-0.52473325,-0.7837401,132.56996,-25.285841,54.438206,CSO
3790229750000,2.620011,9.0228613702155,4.78621651399164,3.79377395445481,0.16157386,-0.528093,-0.7156286,133.08374,-25.495104,54.451748,CSO
3790234785000,2.625046,8.86776587970408,4.81413363750402,3.65418788343519,0.21838433,-0.50946164,-0.679893,133.56122,-25.692469,54.467037,CSO
3790239703000,2.629964,8.7162743956256,4.84140204136378,3.51784542121583,0.2773328,-0.48716503,-0.6618725,134.07242,-25.90581,54.49181,CSO
3790244697000,2.634958,8.55431842658875,4.81668961006209,3.42396900378013,0.2910773,-0.464563,-0.6603453,134.55678,-26.111162,54.512085,CSO
3790249760000,2.640021,8.38165496347699,4.73699899785427,3.37526920318663,0.28985557,-0.42546764,-0.6713409,135.01187,-26.316109,54.521484,CSO
3790254747000,2.645008,8.21871316351119,4.65627328519794,3.37766239965577,0.2770274,-0.38545597,-0.6908886,135.53134,-26.55447,54.516834,CSO
3790259782000,2.650043,8.0700165854848,4.5698216419105,3.49177841424986,0.26847526,-0.33414328,-0.7244862,136.02533,-26.79506,54.49283,CSO
3790264674000,2.654935,7.92554316746988,4.48582532831325,3.60265339804217,0.25625798,-0.29810223,-0.7470882,136.52815,-27.036457,54.45913,CSO
3790269754000,2.660015,7.82030099582385,4.47305084375854,3.74330980498276,0.25625798,-0.2929099,-0.7696902,137.01932,-27.282486,54.410904,CSO
3790274694000,2.664955,7.75875231697131,4.52844465472582,3.90333643426787,0.26816985,-0.29046643,-0.77457714,137.48518,-27.525171,54.352932,CSO
3790279729000,2.66999,7.69602000967931,4.58490373128862,4.06644049873154,0.28893927,-0.30115658,-0.75961095,137.90167,-27.756989,54.26755,CSO
3790284851000,2.675112,7.7024657249924,4.70033994100172,4.17000742258948,0.3182608,-0.29749137,-0.7287622,138.29752,-27.984161,54.181183,CSO
3790289947000,2.680208,7.79153200405556,4.88342083241407,4.1996962856129,0.34483343,-0.3213151,-0.6939429,138.69225,-28.204351,54.105076,CSO
3790294735000,2.684996,7.88448242750778,5.03636708565047,4.21839998583999,0.38087448,-0.33567044,-0.66767573,139.03528,-28.432447,53.9857,CSO
3790299724000,2.689985,7.99120326316502,5.1754278457899,4.22810195980777,0.3924809,-0.33567044,-0.6041457,139.35292,-28.638021,53.885063,CSO
3790304745000,2.695006,8.0986086181129,5.31538055708677,4.23786616331393,0.4089743,-0.32467487,-0.552833,139.6941,-28.863184,53.7762,CSO
3790309808000,2.700069,8.20192898389563,5.49671227526246,4.28417894246254,0.42394048,-0.2843578,-0.50335294,139.99808,-29.069386,53.67712,CSO
3790314767000,2.705028,8.29874194720212,5.70969988472123,4.36162885819998,0.43951756,-0.25350907,-0.46609017,140.28299,-29.26359,53.587173,CSO
3790319691000,2.709952,8.36555960372679,5.85000747555618,4.37716932918379,0.44959682,-0.23884831,-0.43096542,140.58836,-29.46635,53.49433,CSO
3790324743000,2.715004,8.41012308310897,5.93570606135752,4.3428899306575,0.4465425,-0.20799962,-0.4129449,140.86217,-29.660381,53.399,CSO
3790330284000,2.720545,8.45900001091115,6.02969970029758,4.30529251434037,0.45662177,-0.15149458,-0.40866885,141.12636,-29.871723,53.281494,CSO
3790334914000,2.725175,8.32853638937207,6.11692876029819,4.32111880837236,0.4654793,-0.1001819,-0.41263947,141.37065,-30.076138,53.163204,CSO
3790339744000,2.730005,8.15612043840199,6.20976788769951,4.34764415464016,0.48380527,-0.06994407,-0.43157628,141.5972,-30.281784,53.037945,CSO
3790344756000,2.735017,8.00442414143516,6.20160606140179,4.31800898625699,0.4709771,-0.05681047,-0.46089783,141.84181,-30.502295,52.899784,CSO
3790349768000,2.740029,7.86778251728674,6.13564096804751,4.25675601914204,0.45204028,-0.03176499,-0.48502702,142.06618,-30.723585,52.75342,CSO
3790354749000,2.74501,7.75731680640876,6.06307348801723,4.19384132213446,0.44684792,0.024129177,-0.50823987,142.2834,-30.979015,52.56352,CSO
3790359717000,2.749978,7.66336608930976,5.98620460192083,4.12978364206983,0.43188173,0.10842858,-0.54183745,142.48128,-31.23592,52.35978,CSO
3790364689000,2.75495,7.53636526263465,5.93415236201206,4.13784379307244,0.43188173,0.20861048,-0.57757306,142.6562,-31.500553,52.13729,CSO
3790369704000,2.759965,7.3512599226307,5.92465989230161,4.27073990538591,0.42760566,0.24495697,-0.61575216,142.82634,-31.768177,51.906376,CSO
3790374689000,2.76495,7.17360060903597,5.90546344833053,4.38670403185376,0.40561453,0.23182335,-0.6432411,142.98822,-32.03637,51.665066,CSO
3790379762000,2.770023,7.00512639463985,5.86695499040919,4.4733478862578,0.38637227,0.1881465,-0.66859204,143.15184,-32.309418,51.418125,CSO
3790384672000,2.774933,6.85570677169157,5.841852,4.53256011726254,0.35521814,0.17623462,-0.6731735,143.2712,-32.58525,51.13987,CSO
3790389789000,2.78005,6.72931646211313,5.841852,4.54127662913554,0.35002577,0.1441642,-0.68630713,143.4197,-32.86621,50.867153,CSO
3790394760000,2.785021,6.61113170014446,5.84107901877934,4.55052898934633,0.32620203,0.12614368,-0.68233645,143.53401,-33.138752,50.581642,CSO
3790399762000,2.790023,6.53904918900927,5.83242923787167,4.56782885223306,0.32375857,0.105374254,-0.68019843,143.66217,-33.412586,50.301975,CSO
3790404770000,2.795031,6.46688021344649,5.82376908137715,4.58514946665463,0.32162055,0.09254608,-0.6805039,143.78171,-33.690434,50.012596,CSO
3790411419000,2.80168,6.37408034544185,5.81249537801716,4.61051696764413,0.32467487,0.067500606,-0.70066243,143.9148,-33.96889,49.727932,CSO
3790414767000,2.805028,6.34636438637542,5.80823129184121,4.63823301575903,0.34880406,0.06169739,-0.6985244,144.03737,-34.239357,49.452034,CSO
3790419820000,2.810081,6.30453381852517,5.80179568029789,4.68006371800652,0.35277468,0.044593163,-0.68325275,144.164,-34.513237,49.169,CSO
3790426455000,2.816716,6.25188824767354,5.7951458369341,4.72623136456237,0.3744604,0.00580322,-0.6563747,144.2949,-34.783875,48.897453,CSO
3790429739000,2.82,6.24002318705986,5.80305589110916,4.69459123045775,0.39584067,0.004581489,-0.64965516,144.4161,-35.051975,48.625797,CSO
3790434765000,2.825026,6.22186429709507,5.81516183882042,4.64616756602113,0.4111123,-0.0061086523,-0.63591075,144.53333,-35.31087,48.361397,CSO
3790439794000,2.830055,6.20369456815895,5.82727501252515,4.59771499768612,0.43188173,-0.013133603,-0.61819565,144.64462,-35.56596,48.103165,CSO
3790444831000,2.835092,6.18776543267611,5.85194233090261,4.56085613065491,0.44165558,-0.05375614,-0.61911196,144.77074,-35.818798,47.853676,CSO
3790449700000,2.839961,6.17390569127118,5.88428217776677,4.5331362619142,0.45020768,-0.092240654,-0.6096435,144.89,-36.062595,47.615467,CSO
3790454631000,2.844892,6.16992123877669,5.92142855953068,4.50059437924601,0.46883908,-0.121256754,-0.59895337,145.03368,-36.314793,47.38161,CSO
3790459633000,2.849894,6.17452810098096,5.96289108905559,4.46373871192537,0.47983465,-0.14844026,-0.5861252,145.18484,-36.56006,47.15906,CSO
3790464616000,2.854877,6.18172813169091,6.03003621185153,4.40145009873019,0.46975538,-0.17898351,-0.5833763,145.3567,-36.809692,46.94054,CSO
3790469607000,2.859868,6.19210306325157,6.1285995242023,4.30807479383547,0.464563,-0.20799962,-0.5842926,145.53194,-37.054787,46.730778,CSO
3790474581000,2.864842,6.19903002226382,6.21283931977145,4.2287164063639,0.46731192,-0.22174409,-0.600786,145.71812,-37.306267,46.522594,CSO
3790479634000,2.869895,6.20379729455226,6.28911393414442,4.15720856649591,0.462425,-0.22632557,-0.6010914,145.90385,-37.548214,46.323666,CSO
3790484596000,2.874857,6.205771,6.36998389932251,4.11117304309057,0.46120325,-0.23793201,-0.6062838,146.1195,-37.809933,46.119564,CSO
3790489591000,2.879852,6.205771,6.45577154378798,4.08257717819069,0.46028697,-0.2415972,-0.61727935,146.32945,-38.068356,45.916138,CSO
3790494585000,2.884846,6.205771,6.54103129834087,4.07973396968326,0.44532076,-0.25992316,-0.62858033,146.55731,-38.33586,45.714382,CSO
3790499582000,2.889843,6.205771,6.62594895348239,4.09671751844557,0.42485678,-0.29352075,-0.6310238,146.78615,-38.598557,45.51718,CSO
3790504699000,2.89496,6.21073685861102,6.70778530685145,4.0952077103706,0.4098906,-0.31520647,-0.6389651,147.0151,-38.872677,45.311394,CSO
3790510265000,2.900526,6.2273374406104,6.78525468951521,4.0509394917056,0.37934732,-0.3387248,-0.6453791,147.25035,-39.138023,45.112644,CSO
3790514642000,2.904903,6.24168013802069,6.83304399478129,4.02106749296897,0.355829,-0.34330627,-0.65393126,147.48863,-39.414444,44.90078,CSO
3790519700000,2.909961,6.26006497696176,6.86981372065661,3.99349023455736,0.34666604,-0.34422258,-0.6612616,147.72797,-39.685345,44.693066,CSO
3790524656000,2.914917,6.25542614928806,6.89964657580973,3.97980679812236,0.3295618,-0.33017266,-0.6588182,147.97113,-39.958282,44.48396,CSO
3790529836000,2.920097,6.19332884260679,6.9151707707714,3.99921214313879,0.34055737,-0.3408628,-0.66920286,148.2197,-40.233585,44.27588,CSO
3790534747000,2.925008,6.13445628023001,6.92988878649664,4.01760975884838,0.34300083,-0.34269542,-0.68203104,148.44626,-40.50359,44.06789,CSO
3790539699000,2.92996,6.09210918721739,6.97481322295652,4.04286137562319,0.33658674,-0.37140608,-0.6872234,148.67963,-40.769493,43.866848,CSO
3790544649000,2.93491,6.05546756547826,7.02977572730435,4.07034257997102,0.3378085,-0.38362336,-0.68966687,148.90234,-41.03414,43.664482,CSO
3790549688000,2.939949,5.99447385548745,7.06738740796037,4.05008605092787,0.3463606,-0.41233405,-0.68569624,149.12703,-41.30321,43.457848,CSO
3790554771000,2.945032,5.92089759054497,7.09600061329247,4.00512282058947,0.33658674,-0.4279111,-0.68294734,149.34528,-41.56625,43.253292,CSO
3790559672000,2.949933,5.8775795954881,7.11136945886998,3.9743748,0.3454443,-0.44104472,-0.68661255,149.5644,-41.8394,43.03994,CSO
3790564847000,2.955108,5.90298973699754,7.0961232147662,3.9743748,0.3417791,-0.43493605,-0.68844515,149.7749,-42.103745,42.830612,CSO
3790569664000,2.959925,5.91508998893203,7.09133915200819,3.97775136405732,0.3484986,-0.43401974,-0.6814202,149.99692,-42.38236,42.614464,CSO
3790574696000,2.964957,5.90488511992659,7.10494565585516,3.98795609098609,0.34605515,-0.44623706,-0.68233645,150.21622,-42.656902,42.39979,CSO
3790580137000,2.970398,5.89385080111527,7.11965809373897,3.9989902561728,0.35308012,-0.48441613,-0.6817256,150.43631,-42.92115,42.198303,CSO
3790584716000,2.974977,5.91278322536806,7.15280114637599,3.99388615798414,0.36163223,-0.5006041,-0.6789767,150.64633,-43.180084,41.999035,CSO
3790589766000,2.980027,5.95842576972442,7.20757215194413,3.97562923556059,0.36346483,-0.573297,-0.6719518,150.88269,-43.43292,41.814484,CSO
3790594722000,2.984983,6.01635131854286,7.26919947722085,3.91338594558568,0.39492437,-0.64934975,-0.68569624,151.1259,-43.695038,41.621773,CSO
3790599692000,2.989953,6.09457130484799,7.3430736516023,3.78301966474938,0.4089743,-0.6988298,-0.6924158,151.37643,-43.94689,41.440426,CSO
3790604765000,2.995026,6.17271968507421,7.42233956994561,3.63855793754955,0.43768495,-0.72692966,-0.6963864,151.64896,-44.205563,41.265663,CSO
3790609724000,2.999985,6.24277233772472,7.51428401086015,3.45466942146216,0.43768495,-0.7156286,-0.69027776,151.91661,-44.45667,41.095036,CSO
3790615104000,3.005365,6.31398866427611,7.60480583836483,3.26418635779236,0.43127087,-0.66950834,-0.6960809,152.19023,-44.71558,40.933186,CSO
3790619769000,3.01003,6.33871629960465,7.61187080325769,3.16880826203843,0.40744713,-0.6200282,-0.6969972,152.44823,-44.964485,40.774296,CSO
3790624668000,3.014929,6.36468429220368,7.61929015224164,3.0686459273978,0.38362336,-0.5571091,-0.68844515,152.70247,-45.219482,40.62613,CSO
3790629757000,3.020018,6.35334798666482,7.58254775455134,3.03022423084743,0.36346483,-0.5137377,-0.6954701,152.93924,-45.471363,40.47164,CSO
3790634754000,3.025015,6.30470114571666,7.50294357271971,3.05675898891045,0.35705075,-0.47708577,-0.7089091,153.14774,-45.71662,40.313488,CSO
3790639700000,3.029961,6.24327038504002,7.41465344198646,3.0774370315001,0.3390302,-0.46731192,-0.72692966,153.34567,-45.957035,40.165276,CSO
3790644702000,3.034963,6.15479724059101,7.30651991241535,3.08726740369382,0.33964106,-0.44868052,-0.73761976,153.521,-46.195698,40.012165,CSO
3790649737000,3.039998,6.07026494961635,7.20320276927195,3.07320148642041,0.3387248,-0.4370741,-0.75441855,153.69482,-46.43072,39.84817,CSO
3790654748000,3.045009,5.9931943120985,7.10900508993576,3.02182094218415,0.35613444,-0.41813725,-0.7663304,153.85364,-46.664837,39.68211,CSO
3790659770000,3.050031,5.91489333670467,7.01899438249356,2.97215792949614,0.3652974,-0.4092797,-0.7724391,153.9985,-46.892456,39.51601,CSO
3790664713000,3.054974,5.83219516511585,6.95370642405296,2.93298515443178,0.39187005,-0.39064834,-0.7696902,154.1281,-47.120308,39.3486,CSO
3790670105000,3.060366,5.74330211712398,6.885724,2.8900099339939,0.38606682,-0.36835176,-0.77182823,154.26004,-47.346226,39.180355,CSO
3790674697000,3.064958,5.69116168379065,6.885724,2.8490424339939,0.37415496,-0.3567453,-0.7742717,154.38367,-47.569553,39.01414,CSO
3790679715000,3.069976,5.63418418064024,6.885724,2.80427437759146,0.37201694,-0.33841935,-0.7626653,154.4979,-47.79191,38.846375,CSO
3790684714000,3.074975,5.55623776967785,6.89130111214989,2.75617677244049,0.35888332,-0.3200934,-0.7635816,154.60513,-48.01195,38.6758,CSO
3790689707000,3.079968,5.46481828320428,6.90044310852691,2.70589610260969,0.33841935,-0.30634892,-0.7538077,154.70079,-48.22129,38.512363,CSO
3790694692000,3.084953,5.38147266913363,6.93361452839104,2.68355860763506,0.31978795,-0.2959642,-0.7556403,154.79651,-48.441242,38.33844,CSO
3790699693000,3.089954,5.30537487191838,6.98968666213414,2.68756371523666,0.3109304,-0.29260445,-0.7510588,154.88417,-48.65205,38.17074,CSO
3790704756000,3.095017,5.22948221634328,7.05914052432836,2.69002019930348,0.30909783,-0.31245756,-0.7654142,154.97919,-48.88041,37.987804,CSO
3790709720000,3.099981,5.16246982161691,7.20893255835821,2.68213641237148,0.31398472,-0.3387248,-0.77488256,155.07045,-49.102272,37.810192,CSO
3790714685000,3.104946,5.09544392721393,7.3587547680597,2.6742510372471,0.31306845,-0.37568212,-0.788627,155.18654,-49.348957,37.606556,CSO
3790719697000,3.109958,5.069182635582,7.45507026039727,2.63278003657039,0.33444872,-0.41599923,-0.80909103,155.31,-49.59851,37.403812,CSO
3790724679000,3.11494,5.0600259098551,7.52832483112945,2.57783901290663,0.34422258,-0.46273044,-0.8142834,155.44351,-49.842155,37.207893,CSO
3790730001000,3.120262,5.04478480715053,7.60317717139789,2.50404610115447,0.34513888,-0.49235737,-0.8384125,155.6011,-50.13138,36.968945,CSO
3790734724000,3.124985,5.02859316781815,7.6679437287274,2.43118395663147,0.35369098,-0.5109888,-0.84757555,155.7639,-50.414646,36.738884,CSO
3790739690000,3.129951,5.01249175715167,7.73043105711054,2.34625867428278,0.34972036,-0.5366451,-0.8695667,155.94734,-50.71605,36.49703,CSO
3790744695000,3.134956,4.99770557185604,7.78464706986118,2.24768400271465,0.35369098,-0.52870387,-0.8958339,156.12013,-51.01732,36.253635,CSO
3790749693000,3.139954,4.98122296701031,7.83540767835052,2.18272216082474,0.34880406,-0.5222898,-0.91507614,156.30856,-51.333084,36.002346,CSO
3790754764000,3.145025,4.96233011364521,7.88263968846528,2.15910615576736,0.36193767,-0.5342017,-0.9324858,156.49539,-51.65177,35.748554,CSO
3790759711000,3.149972,4.94934791784865,7.93649780275357,2.15078810475436,0.37812558,-0.5439755,-0.94225967,156.67227,-51.979424,35.488964,CSO
3790764784000,3.155045,4.94453585375396,8.00386735329834,2.1652244477813,0.38606682,-0.5491679,-0.9459248,156.84502,-52.30458,35.230312,CSO
3790769711000,3.159972,4.94467951665956,8.06584795297979,2.18155320187569,0.41050145,-0.54428095,-0.9434814,157.0121,-52.637535,34.966805,CSO
3790774704000,3.164965,4.95283318910393,8.12292348981158,2.20193727656237,0.41996986,-0.5525276,-0.93126404,157.17734,-52.962025,34.709885,CSO
3790779971000,3.170232,4.96042805714555,8.18145646808511,2.2218192,0.4260785,-0.5537493,-0.91751957,157.31297,-53.286488,34.44974,CSO
3790784747000,3.175008,4.95612192346074,8.21590463829787,2.2218192,0.42821655,-0.5500842,-0.9062186,157.44228,-53.60283,34.196175,CSO
3790789742000,3.180003,4.95161833515346,8.25193240425532,2.2218192,0.43768495,-0.53878313,-0.88361657,157.57536,-53.915688,33.945457,CSO
3790794697000,3.184958,4.94237149067145,8.2728820186571,2.20414408906202,0.43676865,-0.52320606,-0.8561276,157.69817,-54.21746,33.70246,CSO
3790800241000,3.190502,4.93097242619674,8.2929724800624,2.18378276845081,0.42210788,-0.5137377,-0.8323039,157.81181,-54.50801,33.467983,CSO
3790804765000,3.195026,4.91407647486595,8.28452476903578,2.18800675628351,0.41599923,-0.4981606,-0.8026769,157.90814,-54.790154,33.237347,CSO
3790809738000,3.199999,4.89550362650873,8.27523863576094,2.19264996837282,0.41263947,-0.4801401,-0.75900006,157.9905,-55.059902,33.01592,CSO
3790814737000,3.204998,4.8681894743076,8.26158132027107,2.18456919143587,0.39584067,-0.46609017,-0.72601336,158.06299,-55.31769,32.80255,CSO
3790819664000,3.209925,4.84038458709487,8.24767858632882,2.17530089569829,0.40622538,-0.46089783,-0.68539083,158.12463,-55.55886,32.606205,CSO
3790824695000,3.214956,4.80541364223533,8.21861565150239,2.18551288155013,0.40225476,-0.44929138,-0.64568454,158.1705,-55.785103,32.42007,CSO
3790829728000,3.219989,4.76931883941777,8.18703302293363,2.19904841493962,0.39278635,-0.42730024,-0.61086524,158.20538,-55.997894,32.245823,CSO
3790835591000,3.225852,4.70018853229695,8.15113860088832,2.2026656,0.39370266,-0.40500367,-0.5726862,158.23973,-56.20062,32.081074,CSO
3790839716000,3.229977,4.64587834432107,8.12607233343909,2.2026656,0.3866777,-0.39645153,-0.54183745,158.26674,-56.39069,31.926039,CSO
3790844703000,3.234964,4.61241895092979,8.09837657172675,2.21025071635674,0.3903429,-0.39064834,-0.51251596,158.27779,-56.569683,31.779009,CSO
3790849663000,3.239924,4.5853785744592,8.07133610113852,2.21926417518027,0.39278635,-0.39461896,-0.4783075,158.28493,-56.735077,31.644249,CSO
3790854763000,3.245024,4.52354338076766,8.04561429358922,2.20015115230706,0.39095375,-0.39461896,-0.44593164,158.29036,-56.89757,31.511204,CSO
3790859724000,3.249985,4.45079352654145,8.02136434218048,2.17105121061658,0.39553526,-0.39767328,-0.4092797,158.29391,-57.047432,31.391256,CSO
3790864737000,3.254998,4.38969256511118,7.98251034709343,2.14956874216771,0.40775254,-0.41905355,-0.37720928,158.29434,-57.187798,31.280186,CSO
3790869698000,3.259959,4.33284486728487,7.93987463555689,2.1306194930701,0.4129449,-0.4361578,-0.34972036,158.29099,-57.316772,31.179583,CSO
3790874690000,3.264951,4.29637432370728,7.89707360529612,2.14881687629272,0.42088616,-0.46211955,-0.32528573,158.3065,-57.44916,31.078632,CSO
3790879716000,3.269977,4.26623199255681,7.85401313222401,2.17895920744319,0.419359,-0.5030475,-0.2947425,158.32887,-57.569675,30.990036,CSO
3790884738000,3.274999,4.22359251913511,7.80791007410415,2.19049700741042,0.43310347,-0.54641896,-0.25381452,158.3649,-57.687286,30.90718,CSO
3790889714000,3.279975,4.17037977825601,7.75953513064663,2.18565951306466,0.43096542,-0.5833763,-0.22204952,158.40894,-57.79548,30.833033,CSO
3790894699000,3.28496,4.06913213572292,7.69790906741845,2.1353309591623,0.43249258,-0.6102544,-0.18081611,158.4522,-57.88784,30.77301,CSO
3790899691000,3.289952,3.9295416016915,7.6257068140153,2.04868839581152,0.43157628,-0.634689,-0.14905111,158.50333,-57.971924,30.721539,CSO
3790904670000,3.294931,3.85347904458179,7.56774881928307,1.97558433584672,0.4392121,-0.66950834,-0.1142318,158.55655,-58.046192,30.680353,CSO
3790909701000,3.299962,3.82568620028018,7.52010394333745,1.91205779312732,0.45173484,-0.70707655,-0.07238753,158.61444,-58.108627,30.65158,CSO
3790914742000,3.305003,3.79568612273205,7.46687347180385,1.84465733880911,0.45478916,-0.7507534,-0.03145956,158.6805,-58.179134,30.61764,CSO
3790919702000,3.309963,3.75409152798599,7.38368445604203,1.75730882882662,0.47983465,-0.79229224,0.007941248,158.75359,-58.239723,30.59649,CSO
3790924657000,3.314918,3.71253886327496,7.30057930017513,1.67004837177758,0.49693888,-0.8268061,0.049480084,158.83926,-58.28953,30.58999,CSO
3790929826000,3.320087,3.66597757952037,7.17928395660449,1.58836826113437,0.5155703,-0.8509353,0.08460484,158.93073,-58.33099,30.593298,CSO
3790934759000,3.32502,3.6210191151123,7.05789591492196,1.51193877775029,0.52687126,-0.8921687,0.121256754,159.03415,-58.360188,30.609882,CSO
3790939767000,3.330028,3.56695364215185,6.89524338458891,1.42872807678993,0.52870387,-0.93034774,0.15454891,159.12692,-58.379562,30.638756,CSO
3790944663000,3.334924,3.5116175748033,6.72462418868017,1.3457241202203,0.5329799,-0.94989544,0.18203785,159.2229,-58.390648,30.67543,CSO
3790949693000,3.339954,3.44189543046218,6.55198021898977,1.25849462530142,0.52412236,-0.97219205,0.20280726,159.33167,-58.389404,30.727314,CSO
3790954767000,3.345028,3.36644099978992,6.37887863267263,1.1697245596456,0.52870387,-0.9825767,0.21838433,159.43907,-58.382713,30.783358,CSO
3790959736000,3.349997,3.2849028618852,6.18994492956156,1.07958017672246,0.50976706,-0.9990701,0.22724187,159.54585,-58.36076,30.855043,CSO
3790964779000,3.35504,3.19564057091077,5.98166628514221,0.985358901227025,0.4908302,-1.0155635,0.23793201,159.6527,-58.334225,30.929132,CSO
3790969750000,3.360011,3.1200370225005,5.77550593768936,0.884760749035548,0.48472157,-1.0164797,0.25045475,159.73666,-58.296783,31.01408,CSO
3790974841000,3.365102,3.05110368969905,5.56378213714401,0.776437024813169,0.47158796,-1.0345002,0.2519819,159.82965,-58.25832,31.096876,CSO
3790979756000,3.370017,2.98224351005881,5.39686545477925,0.693386683015887,0.46731192,-1.039998,0.24862215,159.8969,-58.209774,31.18946,CSO
3790985174000,3.375435,2.90482046601422,5.23746521264812,0.615963591415782,0.4569272,-1.0424415,0.25473082,159.96713,-58.157883,31.282127,CSO
3790989761000,3.380022,2.85400488251483,5.10975050363707,0.546227226572012,0.42638394,-1.0500773,0.2443461,160.04573,-58.10367,31.376478,CSO
3790994762000,3.385023,2.82605949099485,4.98399648496548,0.462391285453661,0.4147775,-1.0338894,0.2415972,160.115,-58.04697,31.470516,CSO
3790999688000,3.389949,2.79923461532198,4.88562467838638,0.381916810414508,0.4007276,-1.0241156,0.22052236,160.20322,-57.995815,31.559273,CSO
3791004809000,3.39507,2.77330525463678,4.85450944556413,0.304128668793486,0.38698313,-1.0210613,0.21074851,160.28592,-57.942562,31.646921,CSO
3791009713000,3.399974,2.82903205998445,4.95506462948207,0.201844383855796,0.37110063,-1.0317514,0.21624629,160.40135,-57.88762,31.736935,CSO
3791014777000,3.405038,3.01753450227383,5.27080603824701,0.0510424880897872,0.35888332,-1.024421,0.226631,160.50722,-57.834156,31.822199,CSO
3791019671000,3.409932,3.31492976168461,5.88685114169305,-0.137930679589614,0.3585779,-0.98349303,0.29749137,160.62025,-57.767216,31.920994,CSO
3791024691000,3.414952,3.86973895357821,7.19268260689607,-0.425484223419042,0.3481932,-0.9230174,0.40408736,160.72021,-57.68676,32.029736,CSO
3791029755000,3.420016,4.42941101488284,8.50995960685385,-0.71555815687566,0.37201694,-0.84788096,0.5421429,160.8544,-57.58987,32.16028,CSO
3791034715000,3.424976,4.81755033431731,9.50697359113485,-0.812269532527411,0.3924809,-0.7687739,0.6612616,160.96236,-57.468285,32.311115,CSO
3791039782000,3.430043,5.04037473389561,10.2072784806485,-0.707678504301378,0.4297437,-0.73884153,0.7330383,161.05771,-57.32359,32.48342,CSO
3791044664000,3.434925,5.25165836318851,10.8311316652783,-0.590717338287253,0.44532076,-0.7687739,0.7672467,161.23492,-57.253864,32.591076,CSO
3791049705000,3.439966,5.46313973462837,11.3754358575943,-0.438173438290844,0.464563,-0.85918194,0.7715228,161.41782,-57.172398,32.706833,CSO
3791054850000,3.445111,5.67898414170198,11.9309694956553,-0.282482431450628,0.4654793,-0.98532563,0.76174897,161.58186,-57.127155,32.780273,CSO
3791059714000,3.449975,5.92028124427887,12.4940625359234,-0.20595485844066,0.4297437,-1.1203269,0.7370089,161.77455,-57.082363,32.84957,CSO
3791064779000,3.45504,6.19994436118503,13.109322111939,-0.180139788017563,0.37201694,-1.219287,0.7076874,161.99231,-57.039177,32.91341,CSO
3791069753000,3.460014,6.50906594742875,13.7060103865138,-0.192361896204048,0.27763826,-1.260215,0.66920286,162.16849,-57.034344,32.93211,CSO
3791074705000,3.464966,6.89104662871747,14.2838782072491,-0.285408421672862,0.23151793,-1.3017539,0.64812803,162.3719,-57.02872,32.94937,CSO
3791079782000,3.470043,7.25819457058909,14.4639849282255,-0.396544172076617,0.17440203,-1.2904528,0.5925393,162.55792,-57.06416,32.922,CSO
3791084719000,3.47498,7.57601914665703,13.9787044134442,-0.529825493798338,0.12522738,-1.2434162,0.528093,162.73862,-57.101498,32.890488,CSO
3791089803000,3.480064,7.90330700258764,13.4789745902421,-0.667075289146368,0.106595986,-1.1792754,0.42180246,162.92705,-57.164837,32.831493,CSO
3791094762000,3.485023,7.8166151164604,12.6209808056931,-0.697083089851485,0.10354166,-1.0980303,0.2733622,163.08618,-57.25069,32.748077,CSO
3791099711000,3.489972,7.47933198729373,11.5358084306931,-0.662865981518152,0.12950343,-0.999681,0.11728613,163.21078,-57.361477,32.638382,CSO
3791104801000,3.495062,7.07985637617662,10.7618243368133,-0.626101595207941,0.14630222,-0.9239337,0.008857546,163.38568,-122.644,32.643764,CSO
3791109721000,3.499982,6.66859287728906,10.1771855279822,-0.589813627040904,0.16462818,-0.9068295,0.010079277,163.54126,-122.63759,32.635838,CSO
3791114772000,3.505033,6.20978810864654,9.6232601814541,-0.596628763308688,0.1469131,-0.9309586,0.067500606,163.68268,-122.67766,32.67328,CSO
3791119762000,3.510023,5.68469642452249,9.16687195286506,-0.689869357578558,0.13164146,-0.9764681,0.1423316,163.82164,-122.72251,32.714306,CSO
3791124693000,3.514954,5.25763007403003,8.79923632956741,-0.80034882256578,0.11789699,-1.0143417,0.20219639,163.95361,-122.77579,32.76285,CSO
3791129845000,3.520106,4.96791412814033,8.55719495599822,-0.947040400505426,0.10598512,-1.063211,0.24862215,164.10162,-122.84551,32.82672,CSO
3791134729000,3.52499,4.69326880987067,8.32774424394232,-1.08610128300877,0.10048734,-1.1001683,0.27183503,164.26753,-122.89221,32.865646,CSO
3791139770000,3.530031,4.4008612560396,8.06620370615842,-1.34227764091089,0.08552113,-1.1227703,0.27183503,164.4414,-122.944534,32.909054,CSO
3791144762000,3.535023,4.10738997841584,7.79639974766337,-1.64521572756436,0.09101892,-1.1297953,0.25137106,164.61852,-122.9969,32.951042,CSO
3791149693000,3.539954,3.80807304797192,7.54192222558502,-1.96928875592824,0.09315695,-1.0998629,0.20463985,164.82094,-123.01648,32.95679,CSO
3791154755000,3.545016,3.49610602533151,7.28667640351014,-2.31434327306942,0.09407325,-1.044885,0.13561209,165.01198,-123.02359,32.948685,CSO
3791160615000,3.550876,3.23280561088241,7.09494037417974,-2.75714837595272,0.1020145,-0.9459248,0.06505715,165.23923,-123.00037,32.90406,CSO
3791164707000,3.554968,3.08106767132668,6.99511279443652,-3.08058953751783,0.11942416,-0.90133166,0.0012217305,165.46019,-122.96036,32.8401,CSO
3791169752000,3.560013,2.99570354887396,6.94976309096329,-3.44570385433384,0.124005646,-0.77763146,-0.027794369,165.66824,-122.892845,32.74162,CSO
3791174691000,3.564952,2.96437328652536,6.94528737925814,-3.78586177623013,0.14935656,-0.6569856,-0.053145275,165.85571,-122.8112,32.6255,CSO
3791179815000,3.570076,3.15905403875931,6.96001153790991,-4.15504193875931,0.14996742,-0.5458081,-0.07574729,166.07826,-122.71052,32.479656,CSO
3791184705000,3.574966,3.52423020300077,6.98935596386549,-4.52021810300077,0.15943582,-0.43371433,-0.08002335,166.25407,-122.612175,32.33321,CSO
3791189739000,3.58,3.90016002115853,7.01956452015596,-4.89614792115853,0.16310102,-0.3475823,-0.08124508,166.46121,-122.512146,32.171574,CSO
3791194747000,3.585008,4.42615836950664,6.98241097179413,-5.00885369435882,0.16340645,-0.28160888,-0.09743301,166.63115,-122.41138,32.00581,CSO
3791199702000,3.589963,5.019494381041,6.91341846815935,-4.99505519363187,0.16920967,-0.24465153,-0.099265605,166.77693,-122.319084,31.844675,CSO
3791204845000,3.595106,5.72041330560109,6.83267035302498,-4.73603737119438,0.20555615,-0.2733622,-0.089186326,167.01675,-122.32464,31.755447,CSO
3791209927000,3.600188,6.46603052978142,6.74718568786105,-4.32761000398127,0.25961772,-0.40103304,-0.05100725,167.2723,-122.34446,31.669813,CSO
3791214735000,3.604996,7.19780306219807,6.61093462620773,-3.79401146449275,0.3231477,-0.63804877,0.010079277,167.57797,-122.48886,31.697088,CSO
3791219762000,3.610023,7.98273668157206,6.42681432579509,-3.1253643053744,0.35246924,-0.98471475,0.08674286,167.96,-122.65279,31.726,CSO
3791224749000,3.61501,8.60293261222585,6.23383096139991,-2.59000923653756,0.36865717,-1.3622295,0.16340645,168.38539,-122.95793,31.8997,CSO
3791229725000,3.619986,9.10549235837611,6.03369665935604,-2.14971380919272,0.35643986,-1.7321084,0.23976462,168.92311,-123.28262,32.071613,CSO
3791234734000,3.624995,9.43685425859247,5.92266718199673,-1.83739889410802,0.29871312,-2.0433443,0.27672195,169.48018,-123.73273,32.39444,CSO
3791239721000,3.629982,9.53456191325696,5.93243784543781,-1.70060807555237,0.21868975,-2.2452352,0.28496864,170.12227,-124.1853,32.70538,CSO
3791244698000,3.634959,9.4565762181013,6.12305971916228,-1.62187578319956,0.1301143,-2.262034,0.301462,170.74585,-124.72702,33.134586,CSO
3791249695000,3.639956,9.17842463742043,6.52041918599502,-1.60863048300581,0.025350908,-2.155438,0.3371976,171.39284,-125.25691,33.553307,CSO
3791254722000,3.644983,8.86988737513387,6.93815099815013,-1.56113603668581,-0.06536258,-1.9807305,0.35979962,171.99463,-125.77942,33.98166,CSO
3791259752000,3.650013,8.49468443968455,7.39777428799533,-1.43450516228215,-0.1554652,-1.7568485,0.39400807,172.54372,-126.29461,34.419662,CSO
3791264683000,3.654944,8.15071185471046,7.82422957649093,-1.29454614246975,-0.25228736,-1.6362026,0.40194935,173.02888,-126.6983,34.758434,CSO
3791269829000,3.66009,7.8685211375108,8.19161038893691,-1.09754490895635,-0.30024028,-1.3811663,0.39645153,173.39107,-127.09526,35.115932,CSO
3791274678000,3.664939,7.65718701344911,8.49775096999518,-0.928874498089725,-0.3924809,-1.1472049,0.36651915,173.63016,-127.35711,35.36629,CSO
3791279781000,3.670042,7.52045339619874,8.75707297404728,-0.777996142720695,-0.4886922,-0.9392053,0.33108896,173.78783,-127.60608,35.6224,CSO
3791284733000,3.674994,7.3844945613079,8.99035687231044,-0.644622683320492,-0.57910025,-0.8035932,0.2919936,173.79732,-127.75549,35.810066,CSO
3791289718000,3.679979,7.24095508583106,9.18772409020013,-0.536967961959034,-0.659429,-0.76052725,0.25778514,173.76495,-127.8875,35.992832,CSO
3791294756000,3.685017,7.07125637617782,9.35558604519273,-0.491064886248708,-0.7305948,-0.78801614,0.23090707,173.61794,-127.95235,36.12885,CSO
3791299910000,3.690171,6.79789083466253,9.39932425476296,-0.698822607219022,-0.763887,-0.84391034,0.2049453,173.46594,-128.00557,36.253914,CSO
3791304850000,3.695111,6.53587574442475,9.44124640363314,-0.897953988979471,-0.7666359,-0.8891144,0.15485434,173.24629,-127.99896,36.324795,CSO
3791309744000,3.700005,6.30702807244086,9.38638442960438,-1.03982696220432,-0.7641924,-0.9104946,0.11728613,173.04034,-127.989136,36.388844,CSO
3791314761000,3.705022,6.10354485413697,9.23253131763248,-1.12916107068485,-0.7318166,-0.9138544,0.08399397,172.84384,-127.97142,36.43768,CSO
3791319750000,3.710011,5.87076654472814,9.0408491135001,-1.24838148447385,-0.6988298,-0.9111055,0.06047566,172.68486,-127.90197,36.411385,CSO
3791324696000,3.714957,5.6161585408621,8.82051539673351,-1.39037442642134,-0.6658431,-0.9138544,0.025350908,172.52734,-127.82497,36.372936,CSO
3791329727000,3.719988,5.34717003757352,8.63708114148882,-1.52566051913964,-0.64904433,-0.91232723,-0.012217305,172.36658,-127.73808,36.31523,CSO
3791334711000,3.724972,5.0744685219963,8.48067893345656,-1.65399064658041,-0.60903263,-0.9016371,-0.046120327,172.20259,-127.6485,36.250175,CSO
3791339744000,3.730005,4.78936059014602,8.32157788725539,-1.79726228501043,-0.5723807,-0.87017757,-0.08582657,172.07106,-127.54008,36.15543,CSO
3791344765000,3.735026,4.47411091804907,8.15917619340419,-1.98354632271779,-0.5345071,-0.83169305,-0.1301143,171.93077,-127.4256,36.05225,CSO
3791349723000,3.739984,4.18766749190654,8.00596084541145,-2.16499324135625,-0.4999932,-0.77854776,-0.18448131,171.80746,-127.28129,35.90575,CSO
3791354769000,3.74503,3.98311020467321,7.8750442294277,-2.34091225718761,-0.45753807,-0.7247916,-0.23762658,171.66696,-127.13,35.751015,CSO
3791359699000,3.74996,3.78325538381307,7.74713719082289,-2.5127871577125,-0.40439278,-0.6908886,-0.27580565,171.5228,-126.95644,35.556763,CSO
3791364775000,3.755036,3.66084803108586,7.65076626019743,-2.65054301328925,-0.37690386,-0.6151413,-0.29443705,171.34274,-126.77666,35.360138,CSO
3791369727000,3.759988,3.55485208055504,7.56243637828273,-2.77862138818216,-0.34513888,-0.55771995,-0.3304781,171.1533,-126.58765,35.150764,CSO
3791374751000,3.765012,3.47508610966228,7.45615336394246,-2.86475980037751,-0.3313944,-0.50976706,-0.355829,170.97234,-126.3922,34.920177,CSO
3791379825000,3.770086,3.40567507356392,7.3421208439547,-2.93417099178655,-0.31490102,-0.46303585,-0.37659842,170.76967,-126.19272,34.685738,CSO
3791384688000,3.774949,3.33940428858883,7.23687487817259,-3.00406932824365,-0.32620203,-0.41691554,-0.39400807,170.57281,-125.9896,34.439007,CSO
3791389673000,3.779934,3.27154988564467,7.13024648730964,-3.07677046702538,-0.35155296,-0.37568212,-0.37904188,170.36238,-125.79208,34.199776,CSO
3791394764000,3.785025,3.31930837715397,6.91991876206226,-3.20214302659811,-0.398895,-0.32650748,-0.3839288,170.1812,-125.58186,33.948723,CSO
3791399729000,3.78999,3.39860054030017,6.68644752568093,-3.33870163957754,-0.45234573,-0.25717425,-0.40225476,169.97865,-125.371796,33.703526,CSO
3791404798000,3.795059,3.73413193348149,6.44448668915039,-3.59989546855144,-0.47739118,-0.17837265,-0.4251622,169.7834,-125.16577,33.458694,CSO
3791409733000,3.799994,4.20592091807053,6.20687035867094,-3.92360471512679,-0.4877759,-0.07971791,-0.45753807,169.55603,-124.951294,33.213093,CSO
3791415535000,3.805796,4.76090256747626,5.93908905085829,-4.29389858931702,-0.46914452,0.0015271631,-0.46853364,169.4001,-124.78131,33.00283,CSO
3791419719000,3.80998,5.16701092138422,5.96835814033966,-4.36341254789993,-0.41508293,0.08032878,-0.46853364,169.20976,-124.61,32.79388,CSO
3791424747000,3.815008,5.65503979410153,6.00353141517531,-4.44694892069028,-0.33505958,0.15821409,-0.44257188,169.15677,-124.60248,32.72048,CSO
3791429740000,3.820001,6.12824891951855,6.07679230566783,-4.32640083930657,-0.21868975,0.20219639,-0.38698313,169.08931,-124.61243,32.65868,CSO
3791434873000,3.825134,6.60953832722537,6.16951803956705,-4.11004131607833,-0.1020145,0.17745635,-0.32834008,169.01952,-124.63874,32.605938,CSO
3791439758000,3.830019,7.05471574742268,6.29782156982553,-3.75122590681998,0.029321533,0.07727446,-0.26450464,168.99525,-124.775925,32.65104,CSO
3791444758000,3.835019,7.49615260309278,6.47344671851705,-3.21485645796987,0.16523905,-0.10445796,-0.19425514,169.0097,-124.94117,32.70584,CSO
3791449839000,3.8401,7.89275437270421,6.66751072269914,-2.60926241070523,0.26847526,-0.3744604,-0.14446963,169.06348,-125.18378,32.844193,CSO
3791454814000,3.845075,8.2215046948757,6.87539691574835,-1.94692735870117,0.33658674,-0.6985244,-0.09682214,169.1986,-125.45076,32.98133,CSO
3791459710000,3.849971,8.43524851972713,7.08031796340681,-1.27335496600825,0.35796702,-0.90285885,-0.067500606,169.29605,-125.74936,33.1888,CSO
3791464760000,3.855021,8.53373213220995,7.2920579359161,-0.554424080705595,0.3475823,-1.3390167,-0.007330383,169.58072,-126.06662,33.37271,CSO
3791469693000,3.859954,8.62993404515604,7.49889224965637,0.147850386066283,0.31123585,-1.8408424,0.06811147,169.82973,-126.381195,33.600582,CSO
3791474691000,3.864952,8.72740356895586,7.70845192937942,0.859378418688591,0.21502456,-2.4019222,0.14385876,170.24405,-126.697586,33.800804,CSO
3791479850000,3.870111,8.63149411128078,7.85205115693835,1.16926435617484,0.069027774,-2.8973339,0.20738874,170.80368,-127.01553,33.977253,CSO
3791485601000,3.875862,8.34765004294713,7.94666570001909,1.13246975675701,-0.08827003,-3.3622024,0.25503623,171.53595,-127.3304,34.11974,CSO
3791489699000,3.87996,8.10309474043228,8.00917003569304,0.98316281272556,-0.33108896,-3.4385605,0.2648101,171.99556,-127.530266,34.302975,CSO
3791494778000,3.885039,7.75586859825501,8.0815087733492,0.669694722942693,-0.38973203,-3.4895678,0.24190263,172.5951,-127.73349,34.45011,CSO
3791499686000,3.889947,7.4505971746087,8.13706609269565,0.301472878756522,-0.50335294,-3.393662,0.21074851,173.21976,-127.85474,34.542767,CSO
3791504751000,3.895012,7.17643004591304,8.17502760704348,-0.166720548265217,-0.56779927,-3.1554244,0.15882497,173.80194,-127.96219,34.628952,CSO
3791509705000,3.899966,6.91673625191151,8.20354459802223,-0.645637287480885,-0.5897904,-2.7571404,0.108123146,174.34282,-128.01521,34.65166,CSO
3791514756000,3.905017,6.70961590060149,8.17395590284433,-1.27686105099399,-0.5503896,-2.2437081,0.063224554,174.75426,-128.0562,34.69141,CSO
3791519726000,3.909987,6.51266220866534,8.13477040859638,-1.84305474498161,-0.46670106,-1.666135,0.02076942,175.02689,-128.0748,34.68931,CSO
3791524694000,3.914955,6.34862666683267,8.04728496391358,-2.14560910422158,-0.36010507,-1.0983357,-0.006414085,175.12357,-128.09328,34.72181,CSO
3791529761000,3.920022,6.18132230079681,7.95805614986209,-2.45419262641741,-0.2510656,-0.5849035,-0.028710667,175.03745,-128.1323,34.74837,CSO
3791534717000,3.924978,5.89904197774086,7.80564282762221,-2.67469724518272,-0.15088372,-0.14721853,-0.048258353,174.78345,-128.17459,34.80817,CSO
3791539708000,3.929969,5.52246688239203,7.60147563293783,-2.83349395215947,-0.07788532,0.2049453,-0.0720821,174.385,-128.21748,34.894196,CSO
3791544756000,3.935017,5.28931089824188,7.45385792807672,-2.97725418859883,0.016798794,0.5006041,-0.09132435,173.98044,-128.26514,34.959797,CSO
3791549714000,3.939975,5.23365820671284,7.37796803825253,-3.09867817080448,0.08307768,0.72112644,-0.1282817,173.48141,-128.30437,35.03418,CSO
3791555530000,3.945791,5.23459259002029,7.35368073860799,-3.25276439164326,0.15393804,0.89461213,-0.15027285,172.93707,-128.33136,35.078716,CSO
3791559830000,3.950091,5.26351133143727,7.36332017368914,-3.37165244641854,0.23182335,0.9660834,-0.16462818,172.35403,-128.35626,35.12245,CSO
3791564801000,3.955062,5.29755864387001,7.37606485228951,-3.50839305997046,0.30634892,1.0836749,-0.17562376,171.7459,-128.38705,35.16848,CSO
3791569759000,3.96002,5.35210848350566,7.44230415542426,-3.62138932200886,0.3368922,1.1884383,-0.16707164,171.12299,-128.4206,35.21841,CSO
3791574711000,3.964972,5.40659230881339,7.50846329804694,-3.73424883988183,0.3866777,1.2504412,-0.15027285,170.51825,-128.474,35.26875,CSO
3791579761000,3.970022,5.48953759063351,7.52980838532016,-3.80901338797684,0.44532076,1.3118331,-0.13469578,169.884,-128.53094,35.32719,CSO
3791584719000,3.97498,5.59061450946866,7.5176791010218,-3.85348720524523,0.49296826,1.314582,-0.12095132,169.25511,-128.59329,35.387558,CSO
3791589744000,3.980005,5.71683072314626,7.50100935002788,-3.87376943555101,0.51893,1.2947289,-0.10781772,168.6296,-128.67328,35.45219,CSO
3791594695000,3.984956,5.91949532150158,7.47016915606765,-3.81208877160379,0.52778757,1.2275337,-0.113926366,168.02406,-128.75198,35.5093,CSO
3791599740000,3.990001,6.12726318364525,7.43669121972896,-3.736502306647,0.54305923,1.1203269,-0.10629055,167.48257,-128.85411,35.58127,CSO
3791604755000,3.995016,6.34865021300821,7.3791305597308,-3.51068758755416,0.5479461,0.96883225,-0.09010262,166.9831,-128.95381,35.642563,CSO
3791609731000,3.999992,6.56831558850373,7.32201752998986,-3.2866289550106,0.5549711,0.75319684,-0.08674286,166.54555,-129.08318,35.727367,CSO
3791614729000,4.00499,6.81008933231707,7.22581132424463,-2.57429666014743,0.5571091,0.48502702,-0.056199603,166.18443,-129.22081,35.804546,CSO
3791619690000,4.009951,7.05222545731707,7.12636250782672,-1.81762176052057,0.550695,0.16584991,-0.027183503,165.91563,-129.35593,35.857594,CSO
3791624980000,4.015241,7.08780501499589,7.10388165295809,-1.34331042966311,0.52626044,-0.16768251,0.009773844,165.71269,-129.52574,35.950363,CSO
3791629822000,4.020083,7.04017651489318,7.11340755191044,-1.02896377124076,0.47433686,-0.51923543,0.05497787,165.62749,-129.69836,36.021473,CSO
3791634771000,4.025032,6.86301354935433,7.20037986094994,-0.938108641372723,0.40286562,-0.81336707,0.10323623,165.48163,-129.88768,36.17208,CSO
3791639731000,4.029992,6.64874251450557,7.30961598619317,-0.912900277105961,0.29718593,-1.0403035,0.1469131,165.43599,-130.07446,36.305637,CSO
3791644689000,4.03495,6.37151085686622,7.49717601257678,-0.937056426457054,0.19456059,-1.1917981,0.18875736,165.49503,-130.23282,36.427273,CSO
3791649694000,4.039955,6.02717957128579,7.76665271616866,-1.01191108139719,0.08827003,-1.2660183,0.22510384,165.6058,-130.38637,36.543873,CSO
3791654758000,4.045019,5.74427174504711,7.994524250343,-1.13617302945212,0.0018325958,-1.2797627,0.24678956,165.78163,-130.48242,36.602562,CSO
3791659726000,4.049987,5.51362949366139,8.18600059462179,-1.2928356581908,-0.07360926,-1.2672399,0.24465153,165.97122,-130.56952,36.6595,CSO
3791664702000,4.054963,5.29860074696033,8.3715298842934,-1.4589254439705,-0.10476339,-1.205848,0.2415972,166.19038,-130.57921,36.63606,CSO
3791669696000,4.059957,5.10794267777556,8.54788890811242,-1.64005056739087,-0.13958271,-1.0711522,0.2171626,166.37456,-130.57373,36.614933,CSO
3791674693000,4.064954,4.95163614895636,8.70736648031309,-1.82831597400379,-0.15363261,-0.9120218,0.1695151,166.53212,-130.50777,36.524605,CSO
3791679801000,4.070062,4.84952965210626,8.84196155336812,-2.03252916155598,-0.16737708,-0.72204274,0.11759156,166.62813,-130.43149,36.443672,CSO
3791684747000,4.075008,4.76788880926776,8.96432868323877,-2.20796420607944,-0.17501289,-0.5335908,0.058643065,166.68155,-130.30096,36.30575,CSO
3791689731000,4.079992,4.72919864077276,9.06750237611456,-2.32833366406377,-0.16432275,-0.32253686,-0.004276057,166.65598,-130.15875,36.17508,CSO
3791694765000,4.085026,4.69166112176166,9.16573476778144,-2.44476521917098,-0.14019357,-0.10781772,-0.06352998,166.58324,-129.98502,36.00874,CSO
3791699694000,4.089955,4.67683794170984,9.17685191097504,-2.48552864507772,-0.12980886,0.074830994,-0.11636983,166.44423,-129.79955,35.846733,CSO
3791704916000,4.095177,4.66113361096718,9.18862990281049,-2.5287152164076,-0.11026118,0.24190263,-0.16065755,166.2427,-129.59503,35.667454,CSO
3791709812000,4.100073,4.64975577043518,9.16172860788758,-2.54971660284678,-0.11148291,0.39492437,-0.19058995,165.9821,-129.38338,35.496284,CSO
3791714787000,4.105048,4.6411166355757,9.10125506980961,-2.55403614772439,-0.12950343,0.50518554,-0.22968534,165.67636,-129.1622,35.3247,CSO
3791719717000,4.109978,4.61489755365048,9.01314178328378,-2.57370582190287,-0.13683382,0.61422503,-0.2602286,165.32555,-128.93811,35.15638,CSO
3791724691000,4.114952,4.5480165613809,8.8597090008259,-2.62878436828543,-0.14966199,0.6914995,-0.30298916,164.94644,-128.70222,34.983437,CSO
3791730544000,4.120805,4.47290388612342,8.68313126062695,-2.69268826582143,-0.1777618,0.7693848,-0.33292156,164.5369,-128.47043,34.822727,CSO
3791734717000,4.124978,4.48274235173149,8.62737962448712,-2.72220379962252,-0.19761491,0.8378017,-0.36132678,164.10477,-128.2316,34.65845,CSO
3791740689000,4.13095,4.49682222630888,8.54759319481372,-2.7644436193829,-0.21380283,0.90102625,-0.38973203,163.6601,-128.00217,34.49899,CSO
3791744689000,4.13495,4.54076281033923,8.49313818693612,-2.79049525696499,-0.21471913,0.960891,-0.41325033,163.19623,-127.76988,34.33984,CSO
3791749689000,4.13995,4.6314851578672,8.42401693107182,-2.82073600940094,-0.21074851,0.977079,-0.4382958,162.72804,-127.53241,34.175343,CSO
3791754759000,4.14502,4.72862974593425,8.36246025616886,-2.84260733917698,-0.1872302,1.0012082,-0.4361578,162.2372,-127.31593,34.02894,CSO
3791759867000,4.150128,4.84376653248045,8.32903273783312,-2.83517911811556,-0.17684549,0.9972375,-0.44715336,161.75229,-127.09203,33.872116,CSO
3791764823000,4.155084,4.95547716562903,8.29659993030142,-2.82797194043732,-0.15118915,0.97494096,-0.4538729,161.25479,-126.90085,33.742405,CSO
3791769687000,4.159948,5.12499027358767,8.283937,-2.77863073926237,-0.11575896,0.9202685,-0.45265114,160.77557,-126.71413,33.60972,CSO
3791774836000,4.165097,5.34630985764465,8.283937,-2.69683870596156,-0.086437434,0.82894415,-0.4392121,160.32274,-126.53404,33.474937,CSO
3791779758000,4.170019,5.61462183857259,8.275008649451,-2.57306873857259,-0.044593163,0.7147123,-0.41538838,159.91069,-126.390945,33.367363,CSO
3791784760000,4.175021,5.93280765628982,8.25877469472685,-2.41072908962315,-0.007330383,0.58276546,-0.3827071,159.54247,-126.25888,33.2587,CSO
3791789674000,4.179935,6.24539564274773,8.24282634336451,-2.25124547608106,0.042455133,0.44226643,-0.3576616,159.21469,-126.16438,33.184013,CSO
3791794747000,4.185008,6.42218148496921,8.21679082890685,-2.00464723816397,0.086437434,0.2761111,-0.3173445,158.94803,-126.087616,33.111507,CSO
3791799691000,4.189952,6.49508012746343,8.18489793745189,-1.70849607188222,0.1142318,0.03756821,-0.2773328,158.7575,-126.02248,33.03085,CSO
3791805090000,4.195351,6.53342988125227,8.109628683917,-1.54668460921733,0.094989546,-0.23701571,-0.24404067,158.62546,-126.02183,33.03057,CSO
3791810677000,4.200938,6.53732552733891,7.99665730667637,-1.51941561541318,0.053450707,-0.5030475,-0.20005837,158.57552,-126.03497,33.026592,CSO
3791814764000,4.205025,6.54017526880233,7.91401653009101,-1.49946781199854,-0.002443461,-0.72021013,-0.16615535,158.55466,-126.04098,33.034683,CSO
3791819703000,4.209964,6.55433821862126,7.79763378068296,-1.59432656833288,-0.06811147,-0.8970556,-0.13958271,158.61122,-126.051094,33.03567,CSO
3791824695000,4.214956,6.57184518044493,7.67508440809302,-1.72562960464158,-0.10781772,-1.0164797,-0.10170906,158.72296,-126.06982,33.037018,CSO
3791829786000,4.220047,6.50109887038276,7.58500799381692,-1.89186414654042,-0.13255776,-1.0903945,-0.062002823,158.8836,-126.10077,33.050034,CSO
3791834804000,4.225065,6.36925259931745,7.52069257256424,-2.0783786465538,-0.1518,-1.1224649,-0.01863139,159.07057,-126.13858,33.068462,CSO
3791839753000,4.230014,6.23921928016595,7.45726152039615,-2.26232847926927,-0.1591304,-1.1163563,0.0009162979,159.3182,-126.1996,33.096485,CSO
3791844714000,4.234975,6.10326278488087,7.42604503339543,-2.40898162388469,-0.17562376,-1.0708468,0.022602014,159.56387,-126.26837,33.13691,CSO
3791849751000,4.240012,5.96137120111776,7.41658560764781,-2.53195425737817,-0.17989981,-1.0317514,0.021991149,159.80573,-126.33565,33.175728,CSO
3791854758000,4.245019,5.8152788805513,7.41602431679872,-2.63401289545243,-0.18692477,-0.9068295,0.023823744,160.05049,-126.40242,33.197594,CSO
3791859854000,4.250115,5.66255496018377,7.42252320125175,-2.72174786949864,-0.19242255,-0.7654142,0.014966198,160.27219,-126.46467,33.220192,CSO
3791864771000,4.255032,5.51519555742726,7.42879380856249,-2.80640110093215,-0.20616703,-0.5513059,-0.011301007,160.45264,-126.50552,33.22516,CSO
3791869749000,4.26001,5.43268355758078,7.42334230753935,-2.86083108492129,-0.19211712,-0.32895094,-0.023518313,160.58168,-126.54944,33.243286,CSO
3791874693000,4.264954,5.40326276387738,7.40863196188898,-2.89025177622204,-0.1704314,-0.106595986,-0.01985312,160.63763,-126.58934,33.27543,CSO
3791880513000,4.270774,5.44281915242268,7.46367777495586,-2.94798519195057,-0.16676621,0.10751228,-0.069027774,160.63527,-126.58548,33.263935,CSO
3791884807000,4.275068,5.49928807428235,7.53090272739162,-2.99907615467861,-0.16187929,0.3304781,-0.09040806,160.55952,-126.592255,33.27947,CSO
3791889865000,4.280126,5.56580409821487,7.61008852371673,-3.05925735856274,-0.11148291,0.5858198,-0.1133155,160.40288,-126.5883,33.295254,CSO
3791894750000,4.285011,5.54665614483664,7.74535091037922,-3.0233180197087,-0.005497787,0.8793405,-0.11484267,160.1615,-126.59114,33.331303,CSO
3791899752000,4.290013,5.46494232817216,7.92763544705419,-2.9164613261383,0.087964594,1.1172725,-0.09987647,159.85568,-126.596436,33.380436,CSO
3791906156000,4.296417,5.36032511867209,8.16101213095394,-2.77965399594541,0.124005646,1.2211196,-0.14355333,159.50279,-126.59584,33.42466,CSO
3791909913000,4.300174,5.25026156413194,8.2965427687142,-2.55012788142406,0.07971791,1.2299771,-0.16065755,159.10994,-126.60684,33.48942,CSO
3791914768000,4.305029,5.08496084854829,8.47102742208177,-2.18279314436105,-0.01038471,1.2021828,-0.18417588,158.69382,-126.602844,33.543476,CSO
3791919752000,4.310013,5.00239735214071,8.56992675096349,-1.99362796744447,-0.11178834,1.180497,-0.20677789,158.23872,-126.52414,33.545208,CSO
3791924752000,4.315013,5.00910805916894,8.58670325576344,-1.99698330344054,-0.22296582,1.1475104,-0.21105394,157.80064,-126.43454,33.54091,CSO
3791929751000,4.320012,5.01581742405578,8.60347640526242,-2.00033796836942,-0.30787608,1.1102476,-0.20280726,157.31056,-126.26114,33.490612,CSO
3791934816000,4.325077,5.02991744705167,8.56578446513478,-2.06865928129914,-0.37965274,1.0906999,-0.19486602,156.83174,-126.08029,33.436424,CSO
3791939898000,4.330159,5.04813887148072,8.49745453973231,-2.17343229339199,-0.4251622,1.0732902,-0.18173242,156.37228,-125.90125,33.382042,CSO
3791944745000,4.335006,5.04447550136212,8.41516800302694,-2.27496464445566,-0.46120325,1.0546589,-0.17073683,155.92651,-125.72039,33.325172,CSO
3791950109000,4.34037,5.01855987468469,8.30632172152154,-2.38899351007971,-0.48624873,1.0195341,-0.16890424,155.49872,-125.54166,33.26595,CSO
3791954759000,4.34502,4.95865647013977,8.16975829326557,-2.47418695895807,-0.50640726,1.0024298,-0.16187929,155.1078,-125.38649,33.218376,CSO
3791959842000,4.350103,4.86099270821909,7.98419714561626,-2.55557346121848,-0.5155703,0.9447031,-0.15485434,154.74747,-125.23426,33.16564,CSO
3791964865000,4.355126,4.76448177449341,7.80082637153748,-2.63599927291513,-0.537256,0.88239485,-0.16615535,154.4091,-125.09314,33.11231,CSO
3791969761000,4.360022,4.69555784412153,7.69051757675033,-2.67967150634082,-0.5381723,0.79320854,-0.17562376,154.104,-124.958466,33.055874,CSO
3791974697000,4.364958,4.64752275459811,7.63767925414084,-2.69408195796159,-0.548557,0.6924158,-0.16707164,153.82819,-124.82589,32.99682,CSO
3791979864000,4.370125,4.6255975,7.63058374433073,-2.74605183880041,-0.5537493,0.5729916,-0.17379116,153.6172,-124.70511,32.92746,CSO
3791984942000,4.375203,4.6255975,7.66024690456117,-2.82515351911217,-0.5552765,0.44684792,-0.16523905,153.44643,-124.59244,32.859047,CSO
3791989798000,4.380059,4.6255975,7.68861325077601,-2.90079703222636,-0.54153204,0.3155119,-0.1572978,153.31664,-124.479195,32.77911,CSO
3791994747000,4.385008,4.63699198665298,7.75387632824875,-3.02165817934878,-0.5308419,0.21410827,-0.15668693,153.22066,-124.36789,32.695084,CSO
3791999695000,4.389956,4.65552581964408,7.8419112487533,-3.16992768211597,-0.5103779,0.11759156,-0.15760323,153.16837,-124.26218,32.606968,CSO
3792004798000,4.395059,4.69895879806413,7.99978804059958,-3.22773594063319,-0.47708577,0.032375857,-0.14844026,153.16678,-124.16287,32.510307,CSO
3792009812000,4.400073,4.76028459830611,8.20635931330241,-3.21159761472071,-0.4202753,-0.048563786,-0.15241088,153.19478,-124.0651,32.406185,CSO
3792014820000,4.405081,4.82153701306715,8.41268339261948,-3.19547860072595,-0.37415496,-0.13041973,-0.16035213,153.26877,-123.972,32.290108,CSO
3792019755000,4.410016,4.85430211860233,8.58463122221115,-3.08219757626358,-0.31856623,-0.23396139,-0.16707164,153.3751,-123.88539,32.169342,CSO
3792024752000,4.415013,4.86861433162197,8.73729452886053,-2.90090939523477,-0.25411993,-0.34697145,-0.1731803,153.50923,-123.80315,32.043194,CSO
3792029793000,4.420054,4.8745947,8.84073147656182,-2.73099766344519,-0.20861048,-0.44348818,-0.17379116,153.66223,-123.70184,31.895796,CSO
3792034783000,4.425044,4.8745947,8.90772636922807,-2.57188486987646,-0.1572978,-0.53878313,-0.17012598,153.84906,-123.60843,31.743973,CSO
3792039666000,4.429927,4.87737849312899,8.96127348282246,-2.4320094576116,-0.112399206,-0.60231316,-0.1695151,154.02489,-123.49253,31.578768,CSO
3792044694000,4.434955,4.88728430477268,8.9860380119317,-2.32799838363505,-0.0870483,-0.6252206,-0.15699236,154.21683,-123.38634,31.417704,CSO
3792049660000,4.439921,4.88491422627737,8.99041929653285,-2.22479007436131,-0.07147124,-0.66645396,-0.15057829,154.41109,-123.26376,31.248081,CSO
3792054831000,4.445092,4.85780384335766,8.9542723080292,-2.11634844832117,-0.049480084,-0.68203104,-0.1459968,154.60274,-123.14972,31.084711,CSO
3792059734000,4.449995,4.82538158416177,8.91195160520221,-2.01460573886513,-0.05467244,-0.68691796,-0.14110987,154.79704,-123.03076,30.925043,CSO
3792065713000,4.455974,4.74377148303937,8.80993897879922,-1.8972911652414,-0.048258353,-0.6814202,-0.13713925,154.99109,-122.918495,30.7691,CSO
3792069707000,4.459968,4.68925555330483,8.74179406663103,-1.81892448066987,-0.058948494,-0.6640105,-0.129198,155.17113,-122.79942,30.619108,CSO
3792074689000,4.46495,4.61346036465257,8.61941590030212,-1.74860631223565,-0.09285152,-0.6337727,-0.12156218,155.34378,-122.68209,30.474184,CSO
3792079783000,4.470044,4.53516223738671,8.49045478814199,-1.67951985100076,-0.11056661,-0.59986967,-0.12492194,155.50775,-122.566765,30.3325,CSO
3792084709000,4.47497,4.44583626253489,8.37973097880699,-1.63111444829939,-0.1301143,-0.559858,-0.12339478,155.6554,-122.44446,30.19748,CSO
3792089680000,4.479941,4.3523266289052,8.27145588721183,-1.58682033558358,-0.16249016,-0.4990769,-0.12492194,155.7838,-122.3197,30.066698,CSO
3792094768000,4.485029,4.3499098954465,8.18163720970295,-1.57630100151783,-0.18997909,-0.44226643,-0.12217305,155.9038,-122.194145,29.94266,CSO
3792099684000,4.489945,4.36306183197691,8.09834170323121,-1.57191702267436,-0.22449298,-0.37751472,-0.12858713,156.00038,-122.064064,29.822227,CSO
3792104775000,4.495036,4.39847905231553,8.06381145146029,-1.60519689039214,-0.24556783,-0.2874121,-0.12797627,156.0655,-121.93024,29.706413,CSO
3792109685000,4.499946,4.44126140878901,8.05097669984533,-1.65225752718588,-0.27122417,-0.19333886,-0.12522738,156.10826,-121.79381,29.595747,CSO
3792114738000,4.504999,4.53222988059372,8.0445175,-1.75777866236085,-0.2883284,-0.076358154,-0.12980886,156.1223,-121.668625,29.503601,CSO
3792119694000,4.509955,4.66551188532745,8.0445175,-1.91486094875138,-0.3023783,0.07727446,-0.11362094,156.09654,-121.54984,29.427408,CSO
3792124698000,4.514959,4.79568052506573,7.97498430552147,-2.15262166427111,-0.29046643,0.2501493,-0.09590584,156.04182,-121.44586,29.368404,CSO
3792129877000,4.520138,4.92608783584575,7.83491724437628,-2.47622529362158,-0.26419923,0.43218717,-0.08735373,155.93645,-121.34595,29.3217,CSO
3792135172000,4.525433,5.07777413083733,7.65891976053117,-2.67775085142014,-0.2134974,0.59681535,-0.062002823,155.80568,-121.2928,29.315176,CSO
3792139712000,4.529973,5.22211510778311,7.48250308070823,-2.74992123522685,-0.17134771,0.6704246,-0.05497787,155.64668,-121.240005,29.310938,CSO
3792144715000,4.534976,5.34783520924966,7.29119567808482,-2.81549198062752,-0.121256754,0.8268061,-0.043982297,155.46017,-121.259,29.360353,CSO
3792149690000,4.539951,5.39355059976972,7.10833382959125,-2.84749280172712,-0.08857546,0.97219205,-0.016798794,155.25644,-121.28634,29.4188,CSO
3792154970000,4.545231,5.45065370056075,6.9389244763215,-2.86180330216075,-0.03604105,1.0965031,-0.0067195175,155.03217,-121.37521,29.532967,CSO
3792159719000,4.54998,5.52546243401869,6.85391474883738,-2.82099858041869,0.03726278,1.1917981,0.0027488936,154.77403,-121.47464,29.658844,CSO
3792164678000,4.554939,5.60357919738318,6.76514590516635,-2.77838948058318,0.090713486,1.2681563,0.0036651916,154.49898,-121.60682,29.8163,CSO
3792169791000,4.560052,5.75437361668246,6.74110000219733,-2.69903044752262,0.13652839,1.3029755,0.0036651916,154.352970166816,-121.679273319349,29.8975191188692,CSO
3792174689000,4.56495,5.95647252492891,6.77343587647566,-2.59393890887548,0.18173242,1.2910637,0.0018325958,154.2131,-121.74868,29.975323,CSO
3792179950000,4.570211,6.25613372680792,6.92166260479042,-2.40238007696914,0.20830505,1.235475,0.006414085,153.93077,-121.88914,30.13352,CSO
3792184719000,4.57498,6.75401450773069,7.36695013173653,-2.01319167434362,0.23884831,1.1337659,0.015271631,153.6571,-122.06385,30.321198,CSO
3792189904000,4.580165,7.29532544274528,7.85108010179641,-1.59005435674804,0.26175576,0.97005403,0.04886922,153.42624,-122.2739,30.54927,CSO
3792194700000,4.584961,7.65883311934648,8.17488544590556,-1.18864797695557,0.24740042,0.7507534,0.073303826,153.24835,-122.47974,30.76489,CSO
3792199693000,4.589954,7.95417618230723,8.43688364524806,-0.76468773099223,0.24098633,0.47616947,0.10567969,153.14594,-122.69595,30.976582,CSO
3792205700000,4.595961,8.09085513459768,8.60589753747008,-0.340219116470632,0.20341812,0.16371189,0.1459968,153.08571,-122.92518,31.244856,CSO
3792209789000,4.60005,8.10888106683852,8.6707907429571,-0.0806455024717363,0.15393804,-0.17348573,0.15577064,153.12378,-123.14804,31.490707,CSO
3792214691000,4.604952,7.98046444251479,8.72304869993984,0.0182989650656773,0.059253927,-0.49510628,0.16676621,153.2243,-123.361984,31.754879,CSO
3792219706000,4.609967,7.6481762650356,8.7423119218891,-0.164700343062268,-0.07269296,-0.72143185,0.18142697,153.40404,-123.5674,32.002426,CSO
3792224682000,4.614943,7.24674968209513,8.76126128355935,-0.376956903790291,-0.22510384,-0.7846564,0.2171626,153.60364,-123.741165,32.24279,CSO
3792229808000,4.620069,6.73538816318789,8.78055808436517,-0.63746186092669,-0.36102137,-0.7357872,0.25900686,153.84016,-123.90871,32.47671,CSO
3792234688000,4.624949,6.28241279553602,8.83459721296923,-0.847536882591309,-0.46761733,-0.61453044,0.3023783,154.08183,-124.02809,32.65462,CSO
3792239705000,4.629966,5.8680757829557,8.94427431315522,-1.00595982580318,-0.54702985,-0.5204572,0.34147367,154.31749,-124.14897,32.84048,CSO
3792244958000,4.635219,5.43558569033634,9.06533186406891,-1.16690520798195,-0.58276546,-0.2049453,0.3643811,154.4536,-124.201385,32.95597,CSO
3792249696000,4.639957,5.05963273637408,9.24028066784249,-1.25996283175554,-0.6411031,-0.096516706,0.37415496,154.62898,-124.25462,33.07147,CSO
3792254736000,4.644997,4.65971655064807,9.42638070393765,-1.35895194611157,-0.6569856,0.11056661,0.40011674,154.6697,-124.23447,33.116093,CSO
3792259713000,4.649974,4.24569849365431,9.64299734800193,-1.3982137,-0.68600166,0.27275133,0.41599923,154.6895,-124.2121,33.16306,CSO
3792264707000,4.654968,3.8174009353298,9.88247515657198,-1.3982137,-0.6948592,0.39400807,0.4260785,154.65535,-124.19863,33.22231,CSO
3792269691000,4.659952,3.42397319472355,10.0810674847261,-1.3692052560717,-0.6948592,0.44409904,0.42760566,154.58313,-124.08775,33.177807,CSO
3792275193000,4.665454,3.02489521143651,10.2584357962636,-1.30712650908861,-0.68019843,0.44532076,0.4196644,154.48749,-123.98169,33.137108,CSO
3792279774000,4.670035,2.65165179609417,10.3943678449247,-1.23906064631416,-0.66431594,0.40103304,0.4098906,154.37483,-123.77701,32.993683,CSO
3792284713000,4.674974,2.03096680829795,10.4783426634504,-1.07841276128908,-0.6618725,0.3268129,0.40317106,154.27242,-123.57683,32.85029,CSO
3792289680000,4.679941,1.40676305563875,10.5627935489772,-0.916854137089927,-0.6722572,0.20005837,0.3912592,154.18024,-123.27997,32.60657,CSO
3792294693000,4.684954,0.899452084005495,10.534700933667,-0.791355680060838,-0.70341134,0.03573562,0.36071593,154.125,-122.98242,32.35646,CSO
3792299692000,4.689953,0.495448228189579,10.4125607115102,-0.697401312098911,-0.7360926,-0.15332718,0.3268129,154.1203,-122.68718,32.101883,CSO
3792304948000,4.695209,0.130345407851566,10.2985171827303,-0.630968559583578,-0.7648033,-0.3921755,0.2742785,154.13353,-122.2177,31.675455,CSO
3792309701000,4.699962,-0.152449792056083,10.2067993665519,-0.596574533145832,-0.7800749,-0.6249151,0.21105394,154.20479,-121.74489,31.239038,CSO
3792314741000,4.705002,-0.436381648147323,10.112629469379,-0.574528018132762,-0.7797695,-0.8509353,0.14752395,154.33737,-121.1978,30.725525,CSO
3792319697000,4.709958,-0.615255900919914,10.0394536518201,-0.643638514852248,-0.7641924,-1.0030408,0.08002335,154.51636,-120.64237,30.198011,CSO
3792324692000,4.714953,-0.795537759797859,9.96570199550321,-0.71329285930621,-0.72082096,-1.0558805,-0.0027488936,154.71037,-120.01483,29.596422,CSO
3792329779000,4.72004,-0.814378255805011,9.93901979763061,-0.769205990580695,-0.6536258,-1.0311406,-0.083383106,154.92085,-119.38171,28.984901,CSO
3792334679000,4.72494,-0.791594050425325,9.92534947329579,-0.819331258593902,-0.589485,-0.97249746,-0.13469578,155.13031,-118.746506,28.36865,CSO
3792339708000,4.729969,-0.449496146508288,9.921572,-0.829790248670008,-0.5320636,-0.840856,-0.14508049,155.29619,-118.08449,27.722408,CSO
3792344798000,4.735059,0.015601077865266,9.921572,-0.825092280705474,-0.5131268,-0.6908886,-0.14813483,155.43152,-117.422165,27.07635,CSO
3792349685000,4.739946,0.587549182941822,9.88139365203073,-0.763337709187706,-0.46700647,-0.5497787,-0.13103059,155.53523,-116.78579,26.45292,CSO
3792354809000,4.74507,1.25189152241493,9.8185505949506,-0.669072922019758,-0.43096542,-0.44073927,-0.11178834,155.59819,-116.160065,25.842108,CSO
3792359749000,4.75001,1.93115964744698,9.76938143440691,-0.568146123362137,-0.40775254,-0.38056904,-0.0852157,155.65959,-115.64599,25.34218,CSO
3792364731000,4.754992,2.65732865881775,9.73190147270228,-0.455707045426159,-0.38606682,-0.3494149,-0.03970624,155.69554,-115.15293,24.863173,CSO
3792369693000,4.759954,3.35605811591409,9.70218115390257,-0.346969365426925,-0.3933972,-0.34116822,-0.0067195175,155.73769,-114.809326,24.537468,CSO
3792374691000,4.764952,4.0280219624725,9.68212265353588,-0.241661610151912,-0.3885103,-0.34391713,0.03390302,155.77496,-114.488525,24.233025,CSO
3792379757000,4.770018,4.81906362702148,9.672575,-0.140893859113545,-0.40561453,-0.37934732,0.069027774,155.83907,-114.31978,24.084902,CSO
3792384723000,4.774984,5.68990324815607,9.672575,-0.0472989513271156,-0.419359,-0.40378192,0.101098195,155.90215,-114.166275,23.950783,CSO
3792389702000,4.779963,6.44654271253336,9.65492449137754,0.056599694173681,-0.4456262,-0.44440445,0.12308934,156.0067,-114.14041,23.94707,CSO
3792394701000,4.784962,6.70699702677068,9.56155423465407,0.204026679987682,-0.462425,-0.4792238,0.15760323,156.11867,-114.129326,23.956434,CSO
3792399661000,4.789922,6.92686653347079,9.45524258367698,0.340891535013746,-0.4981606,-0.5326745,0.17959438,156.2868,-114.306625,24.15692,CSO
3792404790000,4.795051,7.02392395762887,9.29910639407217,0.450608503262887,-0.5476407,-0.59803706,0.19211712,156.47041,-114.48826,24.359684,CSO
3792410429000,4.80069,7.12490090101746,9.12725985290764,0.567223993386545,-0.61117065,-0.66706485,0.18173242,156.67848,-114.71623,24.61035,CSO
3792414741000,4.805002,7.12127883614595,8.99324367958951,0.599822615051311,-0.68661255,-0.7254025,0.15699236,156.90387,-114.93978,24.854546,CSO
3792419756000,4.810017,7.1170662537409,8.83737839452679,0.637735900684151,-0.75594574,-0.77763146,0.12950343,157.151,-115.1877,25.122997,CSO
3792424757000,4.815018,7.08810076598316,8.70563540366518,0.614600501892026,-0.81214535,-0.8042041,0.09162979,157.40823,-115.42292,25.376135,CSO
3792429775000,4.820036,7.04525678870728,8.58662504606241,0.557475480534918,-0.86345804,-0.8026769,0.070249505,157.67322,-115.65291,25.621407,CSO
3792434713000,4.824974,6.9730300372742,8.52279079537418,0.499676288926694,-0.893085,-0.79137594,0.05009095,157.94856,-115.8859,25.866907,CSO
3792439733000,4.829994,6.88113376278314,8.49062690738794,0.439943652933193,-0.90316427,-0.7516697,0.049785517,158.21469,-116.117966,26.108423,CSO
3792444695000,4.834956,6.76070143501751,8.46552069544772,0.396872640026013,-0.9120218,-0.70066243,0.07238753,158.48077,-116.35466,26.351149,CSO
3792449694000,4.839955,6.6122163805903,8.44636144652326,0.368133606591296,-0.8762862,-0.6731735,0.10598512,158.74196,-116.59427,26.593739,CSO
3792454751000,4.845012,6.4800615492823,8.42701742488038,0.317803362014354,-0.8527679,-0.636827,0.14202617,158.98595,-63.173023,26.826826,CSO
3792460540000,4.850801,6.34742974258373,8.40491212376396,0.238224217981659,-0.81153446,-0.6178902,0.13805555,159.2269,-62.943054,27.05495,CSO
3792464958000,4.855219,6.23652310142464,8.389283,0.175156959933625,-0.75777835,-0.5815437,0.118202426,159.44705,-62.73259,27.261791,CSO
3792469699000,4.85996,5.98660823636069,8.389283,0.0759260784422859,-0.70402217,-0.5305365,0.099571034,159.6565,-62.52429,27.464985,CSO
3792474692000,4.864953,5.72340956070908,8.389283,-0.0285792561466731,-0.6533204,-0.4999932,0.080634214,159.86395,-62.34619,27.637598,CSO
3792479793000,4.870054,5.53136611405904,8.35855157408334,-0.105424959423201,-0.5907067,-0.47342056,0.071776666,160.05626,-62.172386,27.805428,CSO
3792484766000,4.875027,5.40541791349439,8.30408707619184,-0.156485060445858,-0.5335908,-0.4578435,0.06078109,160.24232,-62.00651,27.96502,CSO
3792489709000,4.87997,5.28022950501036,8.24995113951826,-0.207237137533128,-0.47555858,-0.4783075,0.052534413,160.43771,-61.90127,28.065653,CSO
3792494758000,4.885019,5.16537311381958,8.15333609021113,-0.286440260940499,-0.43860126,-0.5018258,0.038179077,160.62881,-61.80224,28.160275,CSO
3792499662000,4.889923,5.0580596003199,8.04602293528928,-0.372291022435792,-0.40439278,-0.5357288,0.025961773,160.8294,-61.706696,28.252302,CSO
3792504766000,4.895027,4.96759256180791,7.93501736415819,-0.448772408687006,-0.38148534,-0.55680364,-0.004276057,161.03687,-61.64547,28.311264,CSO
3792509716000,4.899977,4.89617235841808,7.82788709636158,-0.51305065139887,-0.34666604,-0.55863625,-0.034513887,161.24811,-61.589077,28.366209,CSO
3792514726000,4.904987,4.82388645559322,7.71945827986441,-0.578108024325424,-0.28099802,-0.5516113,-0.06872234,161.4738,-61.55371,28.402267,CSO
3792519762000,4.910023,4.71288444194107,7.62403457001733,-0.650525771594454,-0.2312125,-0.5363397,-0.09040806,161.69608,-61.52399,28.432901,CSO
3792524822000,4.915083,4.59518768656716,7.53276607686567,-0.718903717910448,-0.16584991,-0.5149594,-0.096516706,161.91264,-61.501015,28.457853,CSO
3792529731000,4.919992,4.45564919504749,7.48093741104138,-0.726877345997286,-0.095294975,-0.49541172,-0.10903945,162.13644,-61.49025,28.472223,CSO
3792534730000,4.924991,4.3135524504749,7.42815853541384,-0.734997159972863,-0.040317107,-0.47403142,-0.12644911,162.35664,-61.493675,28.473429,CSO
3792539709000,4.92997,4.29103275764567,7.43881747902987,-0.7374141,-0.009468411,-0.43066,-0.13164146,162.56145,-61.497536,28.474121,CSO
3792544700000,4.934961,4.31930711955043,7.47651672664892,-0.7374141,0.036651913,-0.3839288,-0.15607607,162.7565,-61.51233,28.4641,CSO
3792549690000,4.939951,4.30927192449246,7.53906401728675,-0.729080606787488,0.081855945,-0.3203988,-0.1872302,162.9292,-61.553944,28.426826,CSO
3792554824000,4.945085,4.27928394285963,7.61617582946763,-0.716228653001656,0.113926366,-0.25595254,-0.22418754,163.08469,-61.60369,28.380987,CSO
3792559720000,4.949981,4.20705647237956,7.67839744604452,-0.701149563684816,0.13958271,-0.19730948,-0.26419923,163.22713,-61.661575,28.32654,CSO
3792564773000,4.955034,4.06039991974083,7.72391162142335,-0.680921088232835,0.16615535,-0.13500121,-0.30879238,163.34587,-61.730442,28.260601,CSO
3792569701000,4.959962,3.90576264114583,7.77242852881944,-0.65130601203125,0.18570304,-0.073303826,-0.36163223,163.44252,-61.826496,28.166882,CSO
3792574693000,4.964954,3.73561474114583,7.82637766215278,-0.60980650203125,0.1994475,-0.010995574,-0.4083634,163.51733,-61.932,28.063265,CSO
3792579753000,4.970014,3.55839981124009,7.87902163317857,-0.562365502785839,0.2180789,0.050396383,-0.4465425,163.56236,-62.078285,27.918413,CSO
3792584720000,4.974981,3.36054490594893,7.92043314286129,-0.488745078496808,0.22296582,0.098043874,-0.49632803,163.59065,-62.23885,27.758924,CSO
3792589724000,4.979985,3.169121036625,7.9613788954375,-0.4171058498125,0.22143865,0.13897185,-0.5363397,163.58943,-62.44776,27.550692,CSO
3792594926000,4.985187,3.051493918375,7.9959749770625,-0.3686711476875,0.19914207,0.1777618,-0.56382865,163.57298,-62.66411,27.334805,CSO
3792600350000,4.990611,2.92884695770833,8.03204747739583,-0.318169451354167,0.16371189,0.19975294,-0.60231316,163.53288,-62.934635,27.064453,CSO
3792604832000,4.995093,2.85148347213256,8.06932577340219,-0.264055662044975,0.14019357,0.21013765,-0.63346726,163.48412,-63.20708,26.792112,CSO
3792609716000,4.999977,2.84141821411663,8.13307211555842,-0.16675843893243,0.09987647,0.21380283,-0.6753115,163.43073,-63.489536,26.509636,CSO
3792614724000,5.004985,2.8310974090094,8.19843691521412,-0.0669909341519977,0.067500606,0.19394971,-0.7012733,163.3715,-63.80857,26.190405,CSO
3792619709000,5.00997,2.88437705390977,8.2730650656988,0.0163315224671506,0.023823744,0.16829337,-0.7165449,163.31357,-64.13169,25.866938,CSO
3792624710000,5.014971,3.02520182262244,8.36108091950749,0.0779423430402463,0.0015271631,0.11942416,-0.7333437,163.26987,-64.45781,25.540457,CSO
3792629828000,5.020089,3.17098484090909,8.46367825388027,0.146370132339246,-0.03145956,0.09285152,-0.73945236,163.2165,-64.79241,25.204716,CSO
3792634739000,5.025,3.31537682657343,8.59603778696913,0.226587933331059,-0.044593163,0.00061086525,-0.7302894,163.20027,-65.12193,24.874052,CSO
3792639753000,5.030014,3.46279719230769,8.73117333958724,0.308488168348968,-0.06078109,-0.098043874,-0.71837753,163.20093,-65.42513,24.569073,CSO
3792644824000,5.035085,3.61480482865873,8.86785155934384,0.347978614639756,-0.079107046,-0.22968534,-0.6985244,163.24161,-65.71781,24.274605,CSO
3792649796000,5.040057,3.76413098845288,9.00186207204889,0.382438484752332,-0.09773844,-0.36713,-0.6719518,163.31514,-65.99962,23.991026,CSO
3792654653000,5.044914,3.9353166122549,9.11512489950981,0.391545865735294,-0.10598512,-0.52412236,-0.643852,163.44649,-66.24993,23.73851,CSO
3792659672000,5.049933,4.14951462689394,9.20615857765152,0.364771144659091,-0.112704635,-0.66981375,-0.602924,163.61621,-66.48359,23.502804,CSO
3792664585000,5.054846,4.30073996559976,9.25291644510918,0.328920208082561,-0.113926366,-0.82986045,-0.5626069,163.84233,-66.68147,23.303131,CSO
3792669612000,5.059873,4.41594793857812,9.27211769039785,0.285717150547413,-0.08827003,-0.9828822,-0.52473325,164.10928,-66.86412,23.11945,CSO
3792674583000,5.064844,4.44897258883849,9.29098090411162,0.229456219887596,-0.06994407,-1.1279627,-0.49357912,164.42308,-67.00182,22.981628,CSO
3792679619000,5.06988,4.4251958363242,9.31000295163676,0.162881263192664,-0.06536258,-1.2709051,-0.462425,164.77988,-67.12582,22.858303,CSO
3792684605000,5.074866,4.36824222733147,9.33119621463015,0.113334940349118,-0.064446285,-1.3839152,-0.43096542,165.18272,-67.21749,22.768335,CSO
3792689589000,5.07985,4.28538429680779,9.35421230644228,0.0765091646098949,-0.064446285,-1.4798211,-0.40103304,165.61966,-67.298836,22.689083,CSO
3792694586000,5.084847,4.23074453856794,9.40146056127949,0.0268300581336452,-0.0729984,-1.5497651,-0.37751472,166.08347,-67.37788,22.612673,CSO
3792699580000,5.089841,4.20642266143206,9.4744259387205,-0.0364068681336452,-0.084910266,-1.6022996,-0.36163223,166.56567,-67.44896,22.544058,CSO
3792704668000,5.094929,4.23335857437281,9.5775239009751,-0.146891514819654,-0.10354166,-1.6310102,-0.36010507,167.05254,-67.534966,22.46029,CSO
3792709640000,5.099901,4.3054832639875,9.70374247259301,-0.295648883078671,-0.11911872,-1.632232,-0.36132678,167.54132,-67.61546,22.381573,CSO
3792714629000,5.10489,4.41143487498446,9.84148453216283,-0.469192102134866,-0.1282817,-1.5909985,-0.3631594,168.02753,-67.704735,22.293762,CSO
3792719628000,5.109889,4.56516458487674,9.99521413849182,-0.677471294603273,-0.13164146,-1.5225816,-0.3576616,168.49953,-67.7903,22.20911,CSO
3792724613000,5.114874,4.7620095086444,10.1311748554519,-0.902556638615914,-0.1423316,-1.4972308,-0.34697145,168.98296,-67.86961,22.130362,CSO
3792729672000,5.119933,5.00949002396857,10.2501560253438,-1.15003706945776,-0.12644911,-1.4107933,-0.34025195,169.42047,-112.05327,22.053122,CSO
3792734631000,5.124892,5.24104684255192,10.3270430182708,-1.3730459047524,-0.10567969,-1.2837334,-0.33169982,169.8494,-111.99827,21.997013,CSO
3792739618000,5.129879,5.46038970107828,10.3556530429313,-1.57331557947284,-0.076052725,-1.1685852,-0.31673363,170.24994,-111.94844,21.945095,CSO
3792744609000,5.13487,5.64711259547669,10.2710942627563,-1.74354938065643,-0.047036625,-1.0155635,-0.31520647,170.60991,-111.937195,21.929682,CSO
3792749644000,5.139905,5.7934062633079,10.0405711598786,-1.87654346422727,-0.00580322,-0.8680395,-0.3173445,170.93149,-111.92992,21.91678,CSO
3792754837000,5.145098,5.91870086937457,9.83263128640665,-1.94773197687514,0.027183503,-0.71868294,-0.3210097,171.2272,-111.96246,21.940956,CSO
3792759686000,5.149947,5.97943199249942,9.7040240485422,-1.86913863583353,0.069027774,-0.573297,-0.3313944,171.47485,-111.992744,21.961245,CSO
3792764636000,5.154897,6.04142808642973,9.57273804577275,-1.78890827119009,0.08827003,-0.4642576,-0.35308012,171.70163,-112.068,22.023567,CSO
3792769652000,5.159913,6.00334085333205,9.4051801949299,-1.64457694515076,0.12767084,-0.38698313,-0.36774087,171.8905,-112.14232,22.082851,CSO
3792774649000,5.16491,5.91603053811216,9.22136842414058,-1.46995607479355,0.16157386,-0.3463606,-0.37201694,172.05447,-112.212814,22.136953,CSO
3792779686000,5.169947,5.80361584981972,9.02809097579067,-1.31283837670753,0.2003638,-0.3155119,-0.3378085,172.2037,-112.31635,22.22432,CSO
3792784671000,5.174932,5.67574400074173,8.83136552817554,-1.17021237583187,0.22388211,-0.29932398,-0.27458394,172.34325,-112.42594,22.316462,CSO
3792789685000,5.179946,5.52168294664008,8.63765896989033,-0.973471441635095,0.23273966,-0.28802297,-0.21533,172.47002,-112.53848,22.414171,CSO
3792794704000,5.184965,5.35395542258225,8.4459701994018,-0.748236986191426,0.22510384,-0.30176744,-0.16157386,172.59885,-112.6658,22.525866,CSO
3792799651000,5.189912,5.18499858694579,8.29793432887117,-0.480549688339884,0.17531833,-0.32559118,-0.13469578,172.7363,-112.78898,22.637087,CSO
3792804778000,5.195039,5.00785896028672,8.16741024484952,-0.177547800612171,0.098043874,-0.39492437,-0.106595986,172.89166,-112.92454,22.760939,CSO
3792809698000,5.199959,4.81989899757219,8.111555,0.00167348014227196,-0.020463986,-0.4633413,-0.101098195,173.0584,-113.035904,22.86893,CSO
3792814712000,5.204973,4.61360673668698,8.111555,0.0928258520723349,-0.14905111,-0.54153204,-0.094989546,173.24861,-113.150856,22.982399,CSO
3792819697000,5.209958,4.47038378823411,8.15879914853683,0.123576566097275,-0.26542094,-0.61911196,-0.07727446,173.46075,-113.236244,23.077126,CSO
3792824688000,5.214949,4.37874323645812,8.24561635963673,0.104283789621393,-0.36285394,-0.65148777,-0.046731193,173.68076,-113.32353,23.17628,CSO
3792829899000,5.22016,4.32042799347922,8.33753413936387,0.0472756703974484,-0.4120286,-0.72509706,-0.0012217305,173.94182,-113.378746,23.245367,CSO
3792834732000,5.224993,4.29172304789581,8.42364948994418,-0.0306378064247364,-0.42302418,-0.79320854,0.024740042,174.20735,-113.436714,23.317535,CSO
3792839686000,5.229947,4.25473897854024,8.51808494884591,-0.11021592327303,-0.42332962,-0.8689558,0.05681047,174.50214,-113.48629,23.37979,CSO
3792844703000,5.234964,4.19978811868372,8.62798635558328,-0.190144129931379,-0.39950588,-0.93584555,0.09010262,174.81079,-113.54517,23.449385,CSO
3792849659000,5.23992,4.14314690248307,8.73776646952596,-0.28494784268623,-0.3472769,-0.990518,0.10629055,175.14244,-113.59716,23.507904,CSO
3792854767000,5.245028,4.0807327974286,8.85299250191383,-0.409776238285406,-0.2846632,-1.0262536,0.12797627,175.48419,-113.66132,23.5769,CSO
3792859678000,5.249939,4.00664995064809,8.9761474636975,-0.548461421947179,-0.22815818,-1.0418307,0.1337795,175.84035,-113.70923,23.626432,CSO
3792864776000,5.255037,3.90197247469058,9.12840531244518,-0.729268095536497,-0.15515977,-1.0345002,0.14202617,176.19554,-113.76553,23.682331,CSO
3792869663000,5.259924,3.79637619282882,9.25035930844512,-0.893551707086813,-0.092240654,-0.9941832,0.14721853,176.54362,-113.80466,23.717352,CSO
3792874691000,5.264952,3.67450269892854,9.31535892373239,-1.03979982341179,-0.042455133,-0.92179567,0.13103059,176.87407,-113.840996,23.748518,CSO
3792880291000,5.270552,3.53280375229599,9.38350187273682,-1.20851968897927,-0.01985312,-0.8341365,0.10323623,177.1886,-113.84729,23.745077,CSO
3792884792000,5.275053,3.28396766210968,9.34202873830141,-1.47620702854019,-0.018325957,-0.7247916,0.07788532,177.46936,-113.85047,23.738586,CSO
3792889678000,5.279939,3.01384699189189,9.29700813513514,-1.76679141891892,-0.02565634,-0.5983425,0.038789943,177.71837,-113.81266,23.687807,CSO
3792894753000,5.285014,2.82836603160482,9.21411082690167,-1.95145295520408,-0.044898596,-0.47219884,-0.0009162979,177.92984,-113.76817,23.63164,CSO
3792899773000,5.290034,2.69903476574212,9.11153797717996,-2.06740522255102,-0.07147124,-0.35033122,-0.03848451,178.09988,-113.71382,23.567417,CSO
3792904774000,5.295035,2.6274045451513,9.03012619902433,-2.13226863861823,-0.098043874,-0.23457226,-0.09101892,178.23651,-113.59874,23.434853,CSO
3792909972000,5.300233,2.6142776847518,8.96777384343068,-2.14539546475048,-0.14355333,-0.14355333,-0.13775012,178.34027,-113.47561,23.296553,CSO
3792914768000,5.305029,2.6021660220977,8.91024365923924,-2.15750709578746,-0.18570304,-0.070249505,-0.17073683,178.42737,-113.32889,23.132685,CSO
3792919749000,5.31001,2.63071672308725,8.87978251543624,-2.12270891758389,-0.23732115,-0.025961773,-0.1908954,178.4927,-113.173485,22.962593,CSO
3792924735000,5.314996,2.70854498019175,8.88436074381591,-2.03114616655801,-0.28924468,-0.022907447,-0.20647246,178.5458,-113.011314,22.78753,CSO
3792929735000,5.319996,2.81619602413507,8.90361075418182,-1.91474645691429,-0.31123585,-0.043982297,-0.20341812,178.5835,-112.855675,22.618927,CSO
3792934832000,5.325093,2.97848328615065,8.94925392581818,-1.75245914194286,-0.376293,-0.1001819,-0.20158553,178.62923,-112.69415,22.44751,CSO
3792939706000,5.329967,3.13942684065025,8.98965143035141,-1.59758441966319,-0.4156938,-0.2012801,-0.19700404,178.69292,-112.54921,22.294598,CSO
3792944718000,5.334979,3.31230351776501,9.02702993400175,-1.43872485217561,-0.42577308,-0.3222314,-0.18295415,178.7787,-112.40833,22.145918,CSO
3792949677000,5.339938,3.48919082332024,9.07597119784991,-1.31301451304528,-0.4447099,-0.44837508,-0.16218472,178.89331,-112.29212,22.027607,CSO
3792954647000,5.344908,3.6761533457515,9.14485198656192,-1.23921350653298,-0.45204028,-0.5821546,-0.15363261,179.0454,-112.17847,21.909575,CSO
3792959584000,5.349845,3.84762705116724,9.20845274582411,-1.17887913291407,-0.42638394,-0.70921457,-0.13927728,179.21655,-112.10108,21.831284,CSO
3792964585000,5.354846,4.00184268385993,9.26628379050111,-1.13550595005031,-0.398895,-0.806953,-0.11942416,179.41719,-112.02898,21.756714,CSO
3792969577000,5.359838,4.12198792257614,9.30100207087641,-1.11667869214864,-0.35918877,-0.883922,-0.087659165,179.65044,-111.99437,21.719202,CSO
3792974619000,5.36488,4.19844022360995,9.30549934516159,-1.13017023324951,-0.31031954,-0.9398162,-0.06963864,179.90337,-111.96394,21.68295,CSO
3792979575000,5.369836,4.26051981654089,9.29602986053965,-1.16068361459733,-0.25045475,-0.9636399,-0.050701816,180.16011,-111.96904,21.681215,CSO
3792984613000,5.374874,4.2904470886178,9.25113890034116,-1.23550205520521,-0.20861048,-0.9593639,-0.030848695,180.42116,-111.980896,21.684456,CSO
3792989572000,5.379833,4.29276887348912,9.19727381023368,-1.31184206767728,-0.1591304,-0.9117164,-0.021991149,180.68227,-112.012794,21.704943,CSO
3792994585000,5.384846,4.24441220709106,9.12473881063658,-1.39404855203465,-0.12003502,-0.8313876,-0.0067195175,180.92789,-112.05302,21.733103,CSO
3792999574000,5.389835,4.20381779584808,9.07216141480915,-1.46771510042093,-0.096516706,-0.7333437,-0.0027488936,181.15224,-112.10491,21.769434,CSO
3793004647000,5.394908,4.17593109796231,9.05356995934182,-1.52813606887018,-0.067500606,-0.61819565,-0.0027488936,181.34311,-112.16121,21.809975,CSO
3793009663000,5.399924,4.17185879489805,9.03662386882041,-1.5705963,-0.04886922,-0.50762904,-0.004581489,181.5282,-112.21704,21.847067,CSO
3793014622000,5.404883,4.22491700158272,9.02335954799367,-1.5705963,-0.025961773,-0.39187005,-0.00580322,181.67342,-112.2739,21.885971,CSO
3793019628000,5.409889,4.27887261546878,9.00905477613196,-1.56569989135667,-0.016798794,-0.33964106,-0.016187929,181.79366,-112.32642,21.917751,CSO
3793024644000,5.414905,4.33547253130786,8.9888404903215,-1.52931413468271,-0.03359759,-0.23762658,-0.018325957,181.86162,-112.37991,21.954348,CSO
3793029675000,5.419936,4.39224170526847,8.96856575509173,-1.49281956892779,-0.0421497,-0.14752395,-0.017104227,181.90694,-112.44411,22.001411,CSO
3793034666000,5.424927,4.46878050525941,8.96015860050865,-1.45827878814852,-0.054061573,-0.07513642,-0.013439035,181.92593,-112.5062,22.04955,CSO
3793039596000,5.429857,4.55043178715158,8.95535548657172,-1.42465774287894,-0.06963864,-0.021380283,-0.0076358155,181.92314,-112.56743,22.099358,CSO
3793044641000,5.434902,4.62512292175662,8.9115746962866,-1.37462793595548,-0.093462385,0.002443461,0.0067195175,181.90518,-112.64316,22.16747,CSO
3793049590000,5.439851,4.69605471538677,8.85837630240389,-1.32142921803386,-0.109650314,0.03573562,0.021991149,181.86902,-112.71887,22.237734,CSO
3793054809000,5.44507,4.75033402832392,8.82973676649796,-1.29600837821686,-0.12705997,0.040011674,0.038789943,181.83202,-112.810036,22.327206,CSO
3793059713000,5.449974,4.79147483657777,8.81602284553241,-1.28686585970411,-0.1414153,0.03023783,0.054367006,181.79109,-112.9026,22.419413,CSO
3793064694000,5.454955,4.8215114013696,8.79391680578277,-1.26654674749857,-0.15241088,0.016798794,0.06963864,181.7507,-113.014336,22.533863,CSO
3793069692000,5.459953,4.84427383545748,8.76660202748716,-1.23923187412973,-0.16920967,-0.016798794,0.081855945,181.72162,-113.126366,22.649025,CSO
3793074683000,5.464944,4.85065686458436,8.76755390624693,-1.1779896461092,-0.17501289,-0.069027774,0.09407325,181.69176,-113.25105,22.77516,CSO
3793079802000,5.470063,4.84101133910477,8.79649048268569,-1.08153378700443,-0.1777618,-0.1328632,0.105374254,181.678,-113.37584,22.901075,CSO
3793084723000,5.474984,4.80029856020627,8.83990315450477,-1.00055545954855,-0.17470746,-0.226631,0.119729586,181.68893,-113.50847,23.034098,CSO
3793089707000,5.479968,4.72599496619965,8.90027511558669,-0.930895820770578,-0.17684549,-0.33750305,0.13805555,181.72638,-113.64257,23.167095,CSO
3793094691000,5.484952,4.63607304001794,8.95684654116592,-0.881607359350673,-0.16982053,-0.44929138,0.15821409,181.79123,-113.7726,23.296469,CSO
3793099692000,5.489953,4.52439277121076,9.00839092869955,-0.860130392170404,-0.15515977,-0.5412266,0.17898351,181.88412,-113.90597,23.426706,CSO
3793104911000,5.495172,4.40664989726308,9.05804017805741,-0.844527488116398,-0.14202617,-0.61453044,0.19792034,181.97688,-114.02313,23.539278,CSO
3793109725000,5.499986,4.29424831670468,9.09067277530476,-0.851779193220606,-0.13408493,-0.66645396,0.20555615,182.08992,-114.14137,23.650776,CSO
3793114729000,5.50499,4.17741044609516,9.12459332300432,-0.859317110200551,-0.10781772,-0.7131852,0.20097467,182.21367,-114.23291,23.732916,CSO
3793119688000,5.509949,3.94352724805702,9.17258305584847,-0.93150669466901,-0.082161374,-0.71959925,0.19608775,182.33835,-114.32528,23.81533,CSO
3793124753000,5.515014,3.6404207251611,9.22941569888694,-1.04043564692443,-0.07269296,-0.72173727,0.19792034,182.47308,-114.4172,23.895817,CSO
3793129836000,5.520097,3.45917530357819,9.24034681667418,-1.13099630815683,-0.053145275,-0.7110472,0.18967366,182.60542,-114.475296,23.939377,CSO
3793134725000,5.524986,3.35789505278053,9.22346687769265,-1.20695647422262,-0.0421497,-0.67347896,0.17898351,182.72665,-114.532265,23.982615,CSO
3793139665000,5.529926,3.27150323707193,9.18996972662153,-1.26866520328721,-0.024129177,-0.6206391,0.1704314,182.86295,-114.52906,23.96107,CSO
3793144760000,5.535021,3.20926014532431,9.12772633490335,-1.30696869435777,-0.02076942,-0.5448918,0.1469131,182.97633,-114.51864,23.934237,CSO
3793149668000,5.539929,3.16835566728718,9.0789850364553,-1.34058029447353,-0.010995574,-0.45265114,0.11789699,183.05605,-114.49173,23.885658,CSO
3793154777000,5.545038,3.16361188598992,9.05052244774094,-1.36904327946481,-0.036957346,-0.3659083,0.10140363,183.11165,-114.46032,23.836683,CSO
3793159689000,5.54995,3.18085819473179,9.01426302696478,-1.39504695873717,-0.05589417,-0.2657264,0.07238753,183.13037,-114.4147,23.773129,CSO
3793164718000,5.554979,3.25480394283658,8.95418189549947,-1.41815497485846,-0.09101892,-0.17592919,0.048258353,183.12439,-114.3639,23.709402,CSO
3793169687000,5.559948,3.33034511633388,8.90014133073112,-1.44350842651254,-0.12064589,-0.084910266,0.032375857,183.09526,-114.30927,23.644655,CSO
3793174693000,5.564954,3.41671312103288,8.86775339003153,-1.47949511079418,-0.14477506,-0.016187929,0.015271631,183.04472,-114.24651,23.575663,CSO
3793179759000,5.57002,3.50411629957964,8.83497725987089,-1.51591311770004,-0.17440203,0.02565634,-0.007330383,182.95674,-114.19779,23.523584,CSO
3793184844000,5.575105,3.63905509839398,8.81204169262045,-1.55688129305753,-0.18325958,0.0720821,-0.02076942,182.84758,-114.14721,23.472012,CSO
3793189724000,5.579985,3.80532053771092,8.79779058467168,-1.59963526175036,-0.19211712,0.108123146,-0.024740042,182.73032,-114.09173,23.418297,CSO
3793194686000,5.584947,3.95823666119951,8.77503379895961,-1.61298858543452,-0.19272798,0.13927728,-0.028710667,182.6302,-114.0578,23.386442,CSO
3793199684000,5.589945,4.09981974418605,8.74574064534884,-1.60322423488372,-0.18570304,0.16187929,-0.03268129,182.52327,-114.02311,23.354591,CSO
3793204746000,5.595007,4.21455946675077,8.7366946623716,-1.5993267,-0.1777618,0.17379116,-0.036651913,182.4195,-114.02233,23.354681,CSO
3793209846000,5.600107,4.31138042548207,8.74109569859434,-1.5993267,-0.17195857,0.14782938,-0.029321533,182.32288,-114.023766,23.35624,CSO
3793214705000,5.604966,4.39128443282798,8.75482197594502,-1.5899957568021,-0.14660765,0.14508049,-0.02107485,182.21889,-114.053635,23.386425,CSO
3793219753000,5.610014,4.45480448724479,8.7841385395189,-1.5655649470184,-0.13408493,0.1255328,-0.0106901415,182.13078,-114.08505,23.417423,CSO
3793224691000,5.614952,4.5161199885759,8.80297716940532,-1.53441351122848,-0.13530666,0.08032878,-0.0021380284,182.05545,-114.13819,23.468124,CSO
3793229756000,5.620017,4.57779686611894,8.80772164368153,-1.49171408492762,-0.11789699,0.017715093,-0.0015271631,181.99394,-114.19292,23.517406,CSO
3793234679000,5.62494,4.62113289381608,8.81577431837223,-1.44139441248753,-0.09987647,-0.036651913,0.0106901415,181.93925,-114.25995,23.580147,CSO
3793239785000,5.630046,4.63576454270896,8.83040632375823,-1.37311314665869,-0.087659165,-0.1255328,0.015882496,181.91609,-114.32466,23.63703,CSO
3793244663000,5.634924,4.6310765985544,8.85803992876304,-1.32123115834575,-0.06352998,-0.19333886,0.026267206,181.92218,-114.40138,23.707767,CSO
3793249750000,5.640011,4.59114452039493,8.912492814307,-1.29218958148286,-0.06261369,-0.27152961,0.025350908,181.95905,-114.47424,23.772491,CSO
3793254763000,5.645024,4.5517933295529,8.96615358002981,-1.26357046907601,-0.036957346,-0.33414328,0.030848695,181.99825,-114.55318,23.84153,CSO
3793259831000,5.650092,4.517801237298,8.98613117970265,-1.26073457505772,-0.040317107,-0.37201694,0.038179077,182.05345,-114.62907,23.907944,CSO
3793264766000,5.655027,4.48725081195863,8.9904951616031,-1.26946326801182,-0.010995574,-0.40042216,0.03970624,182.12407,-114.7073,23.971382,CSO
3793269742000,5.660003,4.45419808514069,9.00559999125303,-1.27111950174939,-0.0143553335,-0.41325033,0.043676864,182.18187,-114.767815,24.020699,CSO
3793274689000,5.66495,4.41924861713563,9.03056385973232,-1.26612672805354,-0.01160644,-0.4098906,0.05375614,182.24251,-114.83166,24.070854,CSO
3793279736000,5.669997,4.37368776529754,9.05368970407159,-1.26677544081432,-0.004276057,-0.40653083,0.0571159,182.29752,-114.888084,24.112486,CSO
3793284816000,5.675077,4.32144609084564,9.07545710630872,-1.27112892126175,0.01863139,-0.37568212,0.050701816,182.34183,-114.94478,24.154333,CSO
3793289927000,5.680188,4.27146220144943,9.088389,-1.26739950048314,0.017715093,-0.34208453,0.045814894,182.38347,-114.992874,24.18859,CSO
3793294758000,5.685019,4.22772838281693,9.088389,-1.25282156093898,0.020158553,-0.30909783,0.048563786,182.41489,-115.04218,24.2235,CSO
3793299741000,5.690002,4.18223423582836,9.08179387011737,-1.25377850598422,0.023823744,-0.26053402,0.03756821,182.40843,-115.07659,24.242035,CSO
3793304761000,5.695022,4.13598088120069,9.06791811487397,-1.27227972226284,0.026267206,-0.19761491,0.03970624,182.38814,-115.11473,24.266218,CSO
3793309752000,5.700013,4.09482342066166,9.04408584777755,-1.28523869484473,0.02321288,-0.14080444,0.03268129,182.33897,-115.14031,24.27835,CSO
3793314822000,5.705083,4.06033177950071,9.00466703511264,-1.29016617505581,0.03176499,-0.080634214,0.03268129,182.27144,-115.16883,24.294994,CSO
3793319708000,5.709969,4.03986467147793,8.98149723915547,-1.28667806975048,0.021685716,-0.055283304,0.03848451,182.1969,-115.188034,24.304077,CSO
3793324748000,5.715009,4.03615894618042,8.97779143646833,-1.27185512986564,0.016187929,0.013133603,0.025045475,182.09209,-115.202385,24.310955,CSO
3793330582000,5.720843,4.03186942209597,8.9735018228023,-1.25469698873704,0.0012217305,0.08368854,0.019242255,181.98053,-115.21661,24.31937,CSO
3793334734000,5.724995,4.04191394450235,8.9701084816745,-1.2545617,-0.021991149,0.11178834,0.020463986,181.86417,-115.22762,24.326597,CSO
3793339982000,5.730243,4.05479537459205,8.96581458197352,-1.2545617,-0.029932396,0.14385876,0.018020526,181.73087,-115.23626,24.332802,CSO
3793344740000,5.735001,4.07265629560474,8.94696448515682,-1.2545617,-0.030543262,0.16890424,0.022907447,181.59573,-115.24573,24.341862,CSO
3793349690000,5.739951,4.09752001111927,8.91215507573691,-1.2545617,-0.036957346,0.17592919,0.025045475,181.4606,-115.252426,24.34961,CSO
3793354745000,5.745006,4.12540383011244,8.87989942278637,-1.27393741552179,-0.044593163,0.18875736,0.023518313,181.31985,-115.26342,24.36149,STD
3793359722000,5.749983,4.15471234434294,8.85059134574842,-1.30743270421644,-0.043676864,0.1863139,0.026572637,181.18634,-115.27604,24.374607,STD
3793364672000,5.754933,4.18360941357718,8.83116959248584,-1.33659045687307,-0.048258353,0.17073683,0.033292156,181.04745,-115.29618,24.395765,STD
3793369703000,5.759964,4.21234276920783,8.83595856843256,-1.35574596062022,-0.04734206,0.15393804,0.029626964,180.91371,-115.314255,24.414198,STD
3793374679000,5.76494,4.22907978747785,8.84197237625517,-1.3733525721205,-0.036651913,0.14172074,0.03848451,180.81013,-115.34645,24.444908,STD
3793379734000,5.769995,4.21478236839929,8.85150362404017,-1.38764984190786,-0.030543262,0.11789699,0.0421497,180.71844,-115.37528,24.471514,STD
3793384737000,5.774998,4.20232308930857,8.85380767379429,-1.39442304893086,-0.02321288,0.07727446,0.03604105,180.63446,-115.40929,24.501278,STD
3793389774000,5.780035,4.19479416190105,8.83498515873264,-1.3793650761901,-0.028099801,0.042455133,0.040927973,180.55951,-115.4461,24.533878,STD
3793394690000,5.784951,4.18744609616045,8.8166148025597,-1.36466882961604,-0.019547688,-0.005497787,0.040927973,180.50468,-115.47779,24.557196,STD
3793399746000,5.790007,4.17593027240176,8.80152759034154,-1.33554777152038,-0.009773844,-0.03573562,0.03970624,180.45724,-115.50954,24.580421,STD
3793404852000,5.795113,4.16246162697393,8.78805941369813,-1.29963204001102,-0.007330383,-0.079107046,0.04428773,180.43056,-115.542305,24.602669,STD
3793409718000,5.799979,4.17135953449872,8.79445323516709,-1.28579629933162,0.010995574,-0.099571034,0.04337143,180.4095,-115.57529,24.622639,STD
3793414724000,5.804985,4.20093791660668,8.8191018011311,-1.29072611547558,0.003970624,-0.112704635,0.044898596,180.4007,-115.60781,24.642908,STD
3793419699000,5.80996,4.20564590494528,8.840681554621,-1.28200336028577,0.008246681,-0.13408493,0.042455133,180.37828,-115.64041,24.660547,STD
3793424694000,5.814955,4.19110330766113,8.8600718530604,-1.26261290999189,0.014049901,-0.13652839,0.043066,180.3551,-115.67324,24.67932,STD
3793429796000,5.820057,4.19292997061748,8.88123146686556,-1.25194000662689,0.022602014,-0.13439035,0.04337143,180.32983,-115.708755,24.700056,STD
3793434726000,5.824987,4.20573522330711,8.90257385182172,-1.24767152963566,0.022296581,-0.12980886,0.038789943,180.30524,-115.742165,24.719162,STD
3793439666000,5.829927,4.20687699380653,8.90735944710971,-1.2449849,0.041233405,-0.11209377,0.03726278,180.28526,-115.771736,24.73463,STD
3793444705000,5.834966,4.18790049233189,8.88363869642155,-1.2449849,0.029932396,-0.096516706,0.032375857,180.26477,-115.79619,24.747646,STD
3793449664000,5.839925,4.17398743000754,8.86662247701149,-1.24648539165253,0.041233405,-0.0729984,0.03481932,180.23874,-115.82457,24.763485,STD
3793454838000,5.845099,4.16931878951385,8.86195398275862,-1.25115378841153,0.0421497,-0.044593163,0.033292156,180.20677,-115.84828,24.7773,STD
3793459703000,5.849964,4.16210828839522,8.8575953772466,-1.25646290580239,0.029932396,-0.03481932,0.0290161,180.18266,-115.869804,24.788925,STD
3793464723000,5.854984,4.1445640730864,8.85320923182191,-1.2652350134568,0.02321288,-0.0015271631,0.024129177,180.14319,-115.890724,24.801632,STD
3793469990000,5.860251,4.1305679663122,8.85061591999668,-1.27536222343607,0.03390302,0.038179077,0.01740966,180.0907,-115.909836,24.812988,STD
3793474696000,5.864957,4.16426549883692,8.8693367062391,-1.29408304877461,0.025350908,0.04520403,0.009468411,180.03926,-115.92476,24.822353,STD
3793479736000,5.869997,4.20035465394201,8.88938616706821,-1.31413255147462,0.020463986,0.074830994,-0.00061086525,179.9687,-115.93633,24.828243,STD
3793484717000,5.874978,4.24211123852162,8.91667448523528,-1.32726264770432,0.022296581,0.09162979,-0.005192355,179.90166,-115.946754,24.833038,STD
3793489709000,5.87997,4.28765075614403,8.94855233777862,-1.33637055122881,0.040011674,0.1160644,-0.011911872,179.82442,-115.95444,24.835644,STD
3793494691000,5.884952,4.34304638684457,8.96646669686229,-1.34590428614615,0.03176499,0.12064589,-0.020158553,179.74438,-115.96447,24.842318,STD
3793499694000,5.889955,4.40797560559783,8.97146135244449,-1.35589338870009,0.04520403,0.13469578,-0.019547688,179.65643,-115.977875,24.850632,STD
3793504839000,5.8951,4.44759768935978,8.97888230613165,-1.3599066,0.043066,0.13683382,-0.021380283,179.55368,-115.992966,24.862547,STD
3793509724000,5.899985,4.46868996528404,8.9873189522092,-1.3599066,0.04795292,0.13255776,-0.02687807,179.45154,-116.00835,24.873476,STD
3793514732000,5.904993,4.48566749769377,8.992621,-1.35618458287376,0.056505036,0.13561209,-0.025961773,179.35745,-116.03023,24.895685,STD
3793519694000,5.909955,4.49519719457535,8.992621,-1.34665483623784,0.052839845,0.12675454,-0.014966198,179.2712,-116.05222,24.918009,STD
3793524659000,5.91492,4.501099,8.98386348158531,-1.33199548158531,0.06169739,0.11575896,-0.013133603,179.19687,-116.07512,24.94033,STD
3793529773000,5.920034,4.501099,8.96019226109232,-1.30832426109232,0.07971791,0.121256754,-0.006414085,179.12285,-116.1022,24.966846,STD
3793534719000,5.92498,4.48934874421645,8.93592441935484,-1.29580656778011,0.070249505,0.12095132,-0.0067195175,179.05548,-116.12717,24.99251,STD
3793539729000,5.92999,4.45271602394541,8.90845022580645,-1.30496475980149,0.070554934,0.10995574,-0.004886922,178.9921,-116.15612,25.019835,STD
3793544663000,5.934924,4.41721743946252,8.88546014692362,-1.30748055267857,0.073303826,0.105374254,-0.0027488936,178.90439,-116.185165,25.050453,STD
3793549723000,5.939984,4.38294685388968,8.87689232160538,-1.28606139196429,0.08307768,0.112704635,0.010995574,178.81938,-116.217804,25.084198,STD
3793555166000,5.945427,4.3462806924552,8.86759311883056,-1.26307875979252,0.07788532,0.11911872,0.0061086523,178.7365,-116.24368,25.108225,STD
3793559728000,5.949989,4.31881179238185,8.85843661165252,-1.24476612787383,0.081855945,0.12095132,0.002443461,178.65587,-116.27443,25.135925,STD
3793564764000,5.955025,4.28855865267091,8.848969,-1.22613979229526,0.07971791,0.12705997,0.007330383,178.57423,-116.29657,25.158234,STD
3793569768000,5.960029,4.25952372967788,8.848969,-1.23097896297082,0.0842994,0.1386664,0.00580322,178.49222,-116.31626,25.177462,STD
3793574747000,5.965008,4.23113974659091,8.85114011164773,-1.2354081,0.08735373,0.15363261,-0.00061086525,178.38358,-116.33232,25.19405,STD
3793579799000,5.97006,4.20823160568182,8.87862997642046,-1.2354081,0.08399397,0.16432275,0.005497787,178.27623,-116.35075,25.213537,STD
3793585190000,5.975451,4.18589578958162,8.90670693949959,-1.23513116628384,0.09162979,0.17073683,0.01038471,178.17493,-116.36394,25.225254,STD
3793589725000,5.979986,4.19925618232157,8.91116055875718,-1.23067764003281,0.08735373,0.18875736,0.008857546,178.06952,-116.37538,25.237371,STD
