timestamp,rel_time,acc_x,acc_y,acc_z,gyro_x,gyro_y,gyro_z,azimuth,pitch,roll,label
2877328728000,0,1.86571623020226,9.29086283771803,-2.88165841358644,-0.6627888,0.312763,0.03481932,353.2826,-35.34598,-19.185118,STD
2877334866000,0.006138,1.8592896865527,9.29582884361179,-2.87815301560404,-0.45814893,0.06963864,-0.034208454,352.97174,-35.919666,-18.892113,STD
2877338798000,0.01007,1.85517284562242,9.29901006472196,-2.87590745925558,0.061391957,0.03359759,-0.03726278,352.63248,-36.62433,-18.636124,STD
2877343747000,0.015019,1.84999119614024,9.30301409912538,-2.87308109649655,0.057726767,0.06841691,-0.020158553,352.34366,-37.2418,-18.348795,STD
2877348724000,0.019996,1.84478023039507,9.30704078718879,-2.87023874300055,0.0106901415,0.07360926,-0.033292156,352.08203,-37.981876,-18.05116,STD
2877353710000,0.024982,1.83955984156537,9.31107475678577,-2.86739124962481,-0.0027488936,0.06566802,-0.028099801,351.8149,-38.734703,-17.750093,STD
2877358779000,0.030051,1.83425255095612,9.31517587830343,-2.86449635513591,0.016187929,0.071776666,-0.029932396,351.55533,-39.482006,-17.455416,STD
2877363908000,0.03518,1.82888243978333,9.31932554337823,-2.86156719478209,0.01282817,0.07452556,-0.030848695,351.30334,-40.220825,-17.155813,STD
2877368747000,0.040019,1.82381596133429,9.32324058126025,-2.85880365277543,0.014660766,0.07819075,-0.03848451,351.05844,-40.96498,-16.858131,STD
2877373723000,0.044995,1.81860604259852,9.32726646026438,-2.85596187037718,0.023823744,0.06841691,-0.040927973,350.82144,-41.710236,-16.556334,STD
2877378705000,0.049977,1.81338984180639,9.33129719362421,-2.85311666139244,0.022296581,0.07238753,-0.035430185,350.5873,-42.452435,-16.257116,STD
2877384343000,0.055615,1.80748680285295,9.33585866987527,-2.84989681228445,0.031154128,0.07086037,-0.038179077,350.36517,-43.19756,-15.956146,STD
2877388753000,0.060025,1.80286949143319,9.33942662132386,-2.84737827121205,0.01985312,0.06780604,-0.03756821,350.14713,-43.93648,-15.653283,STD
2877393735000,0.065007,1.79765329064106,9.3434573546837,-2.8445330622273,0.02443461,0.070249505,-0.032986723,349.93442,-44.680367,-15.350471,STD
2877398780000,0.070052,1.79237112825722,9.34753905877851,-2.84165187408438,0.0290161,0.08277224,-0.032375857,349.7272,-45.418873,-15.0494,STD
2877403778000,0.07505,1.78713817531481,9.35158273708692,-2.83879752753566,0.028710667,0.092240654,-0.032986723,349.52576,-46.155334,-14.747318,STD
2877409842000,0.081114,1.78078911036028,9.35648887259355,-2.83533439078666,0.035430185,0.11178834,-0.027794369,349.32425,-46.892937,-14.448058,STD
2877413835000,0.085107,1.77660840185708,9.35971944632013,-2.83305399747553,0.046731193,0.10598512,-0.02443461,349.13287,-47.628548,-14.146327,STD
2877418794000,0.090066,1.77141628228097,9.3637315713164,-2.83022192373901,0.047647487,0.10781772,-0.0143553335,348.93918,-48.361237,-13.847151,STD
2877423775000,0.095047,1.76620112849824,9.36776149561696,-2.82737728585201,0.046120327,0.094989546,-0.013133603,348.7572,-49.092247,-13.545668,STD
2877428731000,0.100003,1.76101214995031,9.37177119343537,-2.82454692540874,0.048258353,0.09285152,-0.0067195175,348.5755,-49.8223,-13.24345,STD
2877434610000,0.105882,1.75485678173334,9.37652765297421,-2.82118944174328,0.038179077,0.074830994,-0.0106901415,348.40808,-50.54375,-12.938807,STD
2877438770000,0.110042,1.75050122266163,9.37989333960145,-2.81881367510809,0.041233405,0.073303826,-0.008246681,348.2409,-51.26634,-12.634562,STD
2877443794000,0.115066,1.74524104747503,9.38395805345128,-2.81594448001789,0.047647487,0.07941248,-0.006414085,348.08282,-51.982204,-12.33049,STD
2877448774000,0.120046,1.74002694070168,9.38798716869254,-2.81310041322864,0.048563786,0.081855945,-0.013133603,347.93274,-52.692135,-12.028065,STD
2877453733000,0.125005,1.73483482112558,9.39199929368881,-2.81026833949212,0.04337143,0.08032878,-0.009468411,347.78574,-53.39844,-11.724388,STD
2877458787000,0.130059,1.72954323565721,9.3960882793172,-2.80738201146946,0.04062254,0.08735373,-0.011911872,347.64377,-54.099297,-11.426826,STD
2877463849000,0.135121,1.7242432741137,9.40018373741987,-2.80449111466481,0.04337143,0.09560041,-0.0067195175,347.50543,-54.796047,-11.127953,STD
2877468738000,0.14001,1.71912444519505,9.40413922826616,-2.80169901777071,0.03970624,0.108123146,-0.004581489,347.37057,-55.484364,-10.833666,STD
2877473776000,0.145048,1.71384961187696,9.40821526894598,-2.79882182731203,0.03634648,0.11789699,0.007330383,347.23718,-56.16928,-10.538198,STD
2877478737000,0.150009,1.70865539828207,9.41222901206083,-2.79598861138001,0.026267206,0.11942416,0.017104227,347.10785,-56.84559,-10.245004,STD
2877483754000,0.155026,1.70340255216121,9.41628806249565,-2.79312341397406,0.017104227,0.10720685,0.01160644,346.98508,-57.514973,-9.953831,STD
2877488773000,0.160045,1.69814761202157,9.42034873104905,-2.79025707437261,0.014049901,0.1142318,0.011301007,346.8598,-58.178577,-9.66395,STD
2877493797000,0.165069,1.69288743683496,9.42441344489887,-2.78738787928241,0.02076942,0.10995574,0.01038471,346.74615,-58.835594,-9.37412,STD
2877498775000,0.170047,1.68767542408041,9.42844094202157,-2.78454495468866,0.014966198,0.105068825,0.010079277,346.63556,-59.482086,-9.0872345,STD
2877503684000,0.174956,1.68253565497391,9.43241261405357,-2.78174143583959,0.017104227,0.10903945,0.010079277,346.5285,-60.12607,-8.80329,STD
2877508779000,0.180051,1.67720114212046,9.43653477111266,-2.77883169280922,0.018020526,0.11453723,0.015577064,346.42612,-60.76204,-8.519804,STD
2877513858000,0.18513,1.67188338141728,9.44064398322318,-2.77593108734284,0.020158553,0.122783914,0.005192355,346.32852,-61.39089,-8.243544,STD
2877518670000,0.189942,1.66684517222184,9.4445371765045,-2.7731829649754,0.03145956,0.12308934,0.013744468,346.23257,-62.01785,-7.963126,STD
2877523782000,0.195054,1.66149286020872,9.44867308757144,-2.77026351328331,0.014966198,0.113926366,0.0106901415,346.14398,-62.62906,-7.690575,STD
2877528738000,0.20001,1.6575655801477,9.45186443785983,-2.76709684401206,0.014049901,0.109650314,0.013133603,346.05634,-63.24185,-7.41757,STD
2877533762000,0.205034,1.66602569326903,9.44703006514946,-2.76057047240291,0.016493361,0.118507855,0.014660766,345.9721,-63.84372,-7.148603,STD
2877538845000,0.210117,1.67458515883346,9.44213891935192,-2.75396745749661,0.026267206,0.109650314,0.009773844,345.89304,-64.44176,-6.903935,STD
2877543778000,0.21505,1.68289203344084,9.43739211191158,-2.74755929843055,0.020463986,0.09285152,0.0076358155,345.81686,-65.02908,-6.6605897,STD
2877548774000,0.220046,1.69130499625019,9.43258468236121,-2.74106929991158,0.017715093,0.08582657,0.018325957,345.7431,-65.61304,-6.4176006,STD
2877553787000,0.225059,1.69974658603466,9.4277608944637,-2.73455721773072,0.018325957,0.087659165,0.013744468,345.6769,-66.187416,-6.1806736,STD
2877558717000,0.229989,1.70804840882291,9.4230169737905,-2.72815295578146,0.01282817,0.074830994,0.008246681,345.61874,-66.75253,-5.941316,STD
2877563801000,0.235073,1.71660955832705,9.41812486573725,-2.72154864183622,0.019242255,0.08552113,0.01863139,345.5559,-67.31437,-5.7043123,STD
2877568728000,0.24,1.72490632929616,9.4133838318312,-2.71514827700377,0.013133603,0.08307768,0.017715093,345.50497,-67.86237,-5.4715652,STD
2877573846000,0.245118,1.73352473275057,9.40845900708365,-2.70849979573474,-0.0015271631,0.09437868,0.022907447,345.44888,-68.40332,-5.239656,STD
2877578775000,0.250047,1.7418248715991,9.40371604866616,-2.70209683282442,0.0021380284,0.095294975,0.033292156,345.39883,-68.94032,-5.0079317,STD
2877583870000,0.255142,1.75040454444009,9.39881335580005,-2.69547822945089,0.0009162979,0.08979719,0.04062254,345.35022,-69.4644,-4.7788515,STD
2877588763000,0.260035,1.75864406145893,9.39410503858829,-2.68912203194223,-0.0015271631,0.0842994,0.03359759,345.3046,-69.98125,-4.5537195,STD
2877593739000,0.265011,1.767023345474,9.38931685415222,-2.68265801420196,0.005192355,0.105374254,0.03604105,345.25443,-70.49374,-4.3288536,STD
2877598728000,0.27,1.77542452070535,9.38451616039186,-2.67617710895554,0.004276057,0.11178834,0.044593163,345.21255,-70.99565,-4.1050982,STD
2877603714000,0.274986,1.78382064411756,9.37971835339864,-2.66970010082592,-0.0036651916,0.12064589,0.0421497,345.16766,-71.48923,-3.8885932,STD
2877608749000,0.280021,1.79229928057573,9.37487339587541,-2.6631594397885,-0.0143553335,0.1282817,0.030848695,345.12387,-71.9741,-3.6754093,STD
2877613890000,0.285162,1.80095641464356,9.36992643924642,-2.65648108062396,-0.012217305,0.14782938,0.035124753,345.0757,-72.453445,-3.463162,STD
2877619605000,0.290877,1.81058013010701,9.36442714783723,-2.64905707311078,-0.002443461,0.14294247,0.03848451,345.03552,-72.92364,-3.2554972,STD
2877623720000,0.294992,1.81750954202864,9.36046746557146,-2.64371152789349,-0.002443461,0.15302174,0.033292156,344.98846,-73.38388,-3.0545285,STD
2877628703000,0.299975,1.8259006136217,9.35567254534539,-2.63723841688068,0.007330383,0.14202617,0.034208454,344.94995,-73.84251,-2.8515272,STD
2877633747000,0.305019,1.8343944055373,9.35081892752072,-2.63068606449284,0.0033597588,0.12217305,0.03390302,344.91373,-74.28933,-2.6530771,STD
2877638931000,0.310203,1.84312394901281,9.34583059389601,-2.62395184665411,-0.004886922,0.09590584,0.029932396,344.88455,-74.72995,-2.4567783,STD
2877643771000,0.315043,1.85127421722683,9.34117327623713,-2.61766449820899,-0.007941248,0.09437868,0.03176499,344.8556,-75.16356,-2.2620573,STD
2877648714000,0.319986,1.85959793123135,9.33641684623964,-2.61124334875358,-0.017715093,0.089186326,0.03390302,344.83707,-75.58516,-2.0689318,STD
2877653709000,0.324981,1.86800921010098,9.33161037894499,-2.60475464927355,-0.0125227375,0.09285152,0.025350908,344.81888,-76.00223,-1.8815796,STD
2877658759000,0.330031,1.87651310565486,9.32675098758603,-2.5981945026521,-0.013439035,0.09621128,0.029932396,344.80292,-76.40786,-1.6923946,STD
2877663847000,0.335119,1.88508099091786,9.32185503050992,-2.59158499255112,-0.007941248,0.09162979,0.02321288,344.7911,-76.80853,-1.5112067,STD
2877668707000,0.339979,1.89326493792615,9.31717846773675,-2.5852716633273,-0.0030543262,0.11209377,0.02565634,344.77203,-77.20172,-1.3307459,STD
2877673773000,0.345045,1.90179577651545,9.31230368028636,-2.57869073208289,0.0021380284,0.12095132,0.021991149,344.7598,-77.58863,-1.155492,STD
2877678777000,0.350049,1.9102222108425,9.30748855269028,-2.57219034125245,0.004886922,0.101098195,0.024740042,344.7508,-77.968925,-0.9799412,STD
2877683725000,0.354997,1.91855434454559,9.30272731141422,-2.56576269660236,0.0076358155,0.09437868,0.016187929,344.7379,-78.34277,-0.8125259,STD
2877689795000,0.361067,1.92877585860739,9.29688641922632,-2.55787753026727,0.010079277,0.0693332,0.01282817,344.73663,-78.70992,-0.6433221,STD
2877693766000,0.365038,1.93546278321025,9.29306530178347,-2.55271904665662,0.003970624,0.06566802,0.011301007,344.73285,-79.067665,-0.4794473,STD
2877698774000,0.370046,1.94389595329616,9.28824632516453,-2.54621345967043,0.01038471,0.047036625,0.007941248,344.7418,-79.42199,-0.31747478,STD
2877703780000,0.375052,1.95232575550264,9.28342927305702,-2.53971047076212,0.004581489,0.03023783,0.0033597588,344.75253,-79.763435,-0.15883455,STD
2877708762000,0.380034,1.96071514315599,9.27863531508666,-2.53323865878824,0.010079277,0.022296581,0.003970624,344.767,-80.10224,-0.0018006088,STD
2877713800000,0.385072,1.96919883143331,9.27378747079628,-2.52669410063401,-0.0015271631,0.018020526,0.005192355,344.78635,-80.42675,0.15216227,STD
2877718666000,0.389938,1.97739288207988,9.26910513448882,-2.52037297717659,0.012217305,0.024129177,0.0015271631,344.80612,-80.75233,0.30221593,STD
2877723779000,0.395051,1.98600286583572,9.26418512101984,-2.51373099110224,0.008552114,0.019242255,-0.007330383,344.8313,-81.061874,0.44926715,STD
2877728787000,0.400059,1.99316395573949,9.26112145714114,-2.51646190507263,0.011301007,0.018936822,-0.008246681,344.85406,-81.36919,0.5945091,STD
2877733758000,0.40503,1.99720661294757,9.26231047250639,-2.54143124512468,0.022602014,0.01740966,-0.015577064,344.88004,-81.670235,0.73322797,STD
2877738802000,0.410074,2.00130863728021,9.26351694876918,-2.56676726428029,0.020158553,0.018020526,-0.017715093,344.93076,-81.92969,0.92196494,STD
2877743801000,0.415073,2.00537406544018,9.26471266146499,-2.59187724837206,0.016798794,0.035124753,-0.018020526,344.97754,-82.182724,1.1048912,STD
2877748778000,0.42005,2.00942160213795,9.2659031119725,-2.61687672643262,0.003970624,0.04184427,-0.024740042,345.0274,-82.423096,1.2821954,STD
2877753778000,0.42505,2.0134878435462,9.26709906385869,-2.64199173352582,0.0027488936,0.052534413,-0.035124753,345.0714,-82.65627,1.4540983,STD
2877759701000,0.430973,2.01830471311841,9.26851578846308,-2.67174297092841,0.004276057,0.0571159,-0.040011674,345.11526,-82.87686,1.6222664,STD
2877763768000,0.43504,2.02161219387988,9.2694885757273,-2.69217151769801,-0.0021380284,0.05131268,-0.043982297,345.15933,-83.08563,1.7845011,STD
2877768729000,0.440001,2.02564671860514,9.27067519918878,-2.71709062773587,-0.003970624,0.04550946,-0.052534413,345.20236,-83.28681,1.9407436,STD
2877773772000,0.445044,2.0297479296895,9.27188143626119,-2.74242162389007,-0.008246681,0.032375857,-0.05497787,345.24902,-83.4753,2.094945,STD
2877778780000,0.450052,2.033820677084,9.27307930167039,-2.76757681499461,-0.018936822,0.021380283,-0.051618114,345.2967,-83.651566,2.2454877,STD
2877784021000,0.455293,2.03808291132813,9.2743328984375,-2.79390236542969,-0.015271631,0.005497787,-0.038179077,345.34915,-83.81923,2.3958023,STD
2877788987000,0.460259,2.0421215022948,9.27552071785086,-2.81884659047464,-0.01863139,0.00580322,-0.040011674,345.40033,-83.97294,2.5396633,STD
2877793788000,0.46506,2.046025907295,9.27666907085198,-2.84296202028553,-0.020463986,-0.007941248,-0.046731193,345.4596,-84.116295,2.683836,STD
2877798777000,0.470049,2.05008320297215,9.27786239164402,-2.86802177436311,-0.01740966,-0.0067195175,-0.054061573,345.5144,-84.24945,2.8240156,STD
2877803767000,0.475039,2.05414131189758,9.27905595162644,-2.89308655144212,-0.015577064,-0.0009162979,-0.05467244,345.57156,-84.37084,2.961632,STD
2877808752000,0.480024,2.0581953545816,9.28024831565697,-2.91812621351403,-0.0106901415,0.023518313,-0.061086524,345.6231,-84.48466,3.092338,STD
2877813976000,0.485248,2.06244376360494,9.28149784618766,-2.94436637292499,-0.013133603,0.05100725,-0.0711658,345.67194,-84.58692,3.2190094,STD
2877818939000,0.490211,2.06647991482677,9.28268494802989,-2.96929552896569,-0.006414085,0.09010262,-0.06658431,345.71002,-84.67996,3.344774,STD
2877823777000,0.495049,2.07041441001339,9.28384215107497,-2.99359680982906,-0.0076358155,0.11148291,-0.06658431,345.7454,-84.76231,3.4638035,STD
2877829237000,0.500509,2.07485474563119,9.28514813053469,-3.02102239757483,0.003970624,0.12675454,-0.064751714,345.77097,-84.8367,3.5817256,STD
2877833785000,0.505057,2.07855339881614,9.28623596837036,-3.04386700802679,0.0067195175,0.129198,-0.059864793,345.79388,-84.897446,3.698149,STD
2877838777000,0.510049,2.08261313423813,9.28743000673354,-3.06894183110864,0.0033597588,0.12797627,-0.05131268,345.8132,-84.94727,3.8137739,STD
2877843792000,0.515064,2.0866915743706,9.28862954647538,-3.09413218322311,0.008552114,0.12858713,-0.044593163,345.83112,-84.98772,3.9280663,STD
2877848772000,0.520044,2.09074155081322,9.28982071455403,-3.11914673028792,0.018325957,0.13775012,-0.046731193,345.84677,-85.01779,4.0400286,STD
2877853723000,0.524995,2.09476794305567,9.29100494611173,-3.1440156103116,0.03145956,0.1563815,-0.03848451,345.8591,-85.0348,4.154631,STD
2877858765000,0.530037,2.09886834089174,9.29221094399377,-3.16934158346437,0.053145275,0.17073683,-0.04153884,345.8701,-85.04744,4.26328,STD
2877863893000,0.535165,2.10303867808004,9.29343751224824,-3.19509953473915,0.06688975,0.1966986,-0.038789943,345.87204,-85.04713,4.3735437,STD
2877868735000,0.540007,2.10697642625979,9.29459567205483,-3.2194209076082,0.06780604,0.20799962,-0.035124753,345.87402,-85.03854,4.4812546,STD
2877873770000,0.545042,2.1110711313579,9.29579999560422,-3.24471171975104,0.08582657,0.21624629,-0.025961773,345.86923,-85.02169,4.5891685,STD
2877878730000,0.550002,2.11510484283488,9.29698637987532,-3.26962580678748,0.09865474,0.21777347,-0.02443461,345.86313,-84.9958,4.694019,STD
2877883744000,0.555016,2.11918246971907,9.29818568042679,-3.29481113590054,0.110872045,0.21227567,-0.010995574,345.8564,-84.95681,4.803006,STD
2877888793000,0.560065,2.12328856029312,9.29939335264146,-3.32017227006324,0.11911872,0.19425514,-0.016798794,345.85294,-84.914635,4.9051313,STD
2877893855000,0.565127,2.12740522309483,9.30060413433104,-3.34559870324439,0.11453723,0.16340645,-0.011911872,345.85452,-84.857605,5.0123553,STD
2877898937000,0.570209,2.13153815086217,9.30181969982817,-3.3711255964539,0.12583824,0.11484267,-0.015577064,345.86633,-84.79836,5.1137667,STD
2877903778000,0.57505,2.13547508579364,9.30297762044437,-3.39544194632153,0.119729586,0.067500606,-0.015271631,345.8865,-84.72845,5.2159114,STD
2877908715000,0.579987,2.13949009256014,9.3041585033368,-3.42024050432535,0.10262536,0.022907447,-0.016798794,345.91968,-84.65396,5.3147254,STD
2877913792000,0.585064,2.14361895408608,9.30537287288203,-3.44574228252777,0.08735373,-0.009773844,-0.02565634,345.96274,-84.57589,5.409687,STD
2877918878000,0.59015,2.14775513484655,9.30658939514066,-3.47128926774297,0.0693332,-0.03023783,-0.035124753,346.01477,-84.4934,5.502171,STD
2877923786000,0.595058,2.15174655741288,9.30776334151215,-3.49594215870564,0.06414085,-0.040011674,-0.03940081,346.07272,-84.40802,5.59176,STD
2877928710000,0.599982,2.14831122714291,9.30791814744839,-3.51525557733583,0.0580322,-0.06505715,-0.044593163,346.14053,-95.67773,5.6765704,STD
2877933744000,0.605016,2.12098584378505,9.30480208222624,-3.51765254403763,0.04428773,-0.09285152,-0.0580322,346.21146,-95.76245,5.755998,STD
2877938782000,0.610054,2.0936387477666,9.30168354098882,-3.52005141536136,0.044593163,-0.11362094,-0.07360926,346.28876,-95.87303,5.8474817,STD
2877944808000,0.61608,2.06092862458136,9.29795342397876,-3.52292072830237,0.04428773,-0.13316862,-0.0842994,346.37335,-95.98985,5.934347,STD
2877948793000,0.620065,2.03929738646434,9.29548669376218,-3.52481820790243,0.049785517,-0.15302174,-0.10323623,346.4635,-96.10804,6.012292,STD
2877953769000,0.625041,2.0122868366851,9.2924065307615,-3.52718755758621,0.058337633,-0.16646078,-0.11911872,346.55685,-96.23125,6.0860453,STD
2877958716000,0.629988,1.98543370369516,9.28934431887156,-3.52954309876099,0.06536258,-0.17440203,-0.12186762,346.65378,-96.35931,6.1562357,STD
2877963961000,0.635233,1.95696297749095,9.28609764384372,-3.53204053426972,0.07147124,-0.18325958,-0.1301143,346.75403,-96.48753,6.2184815,STD
2877968740000,0.640012,1.93102177624597,9.28313942459528,-3.53431608132334,0.08277224,-0.19150625,-0.129198,346.85583,-96.62346,6.2808256,STD
2877973786000,0.645058,1.90363125490633,9.28001593132731,-3.53671876189094,0.08582657,-0.20738874,-0.12675454,346.9616,-96.76164,6.3394675,STD
2877978736000,0.650008,1.87676183742095,9.27695186242592,-3.53907573153216,0.064446285,-0.21960606,-0.13622294,347.06787,-96.899,6.3933187,STD
2877984631000,0.655903,1.84476280387017,9.27330283491607,-3.54188266810489,0.039095376,-0.23823744,-0.13591751,347.18,-97.04219,6.4488,STD
2877988736000,0.660008,1.82248018593532,9.27076182424128,-3.54383728636291,0.022602014,-0.23457226,-0.13408493,347.28833,-97.183975,6.5006785,STD
2877993759000,0.665031,1.7952145123941,9.26765256806113,-3.5462290153544,0.021685716,-0.22082779,-0.14874569,347.3981,-97.322,6.5463924,STD
2877998781000,0.670053,1.76795426701802,9.26454393088481,-3.54862026819041,-0.0018325958,-0.19639318,-0.15027285,347.5032,-97.45982,6.5952663,STD
2878003781000,0.675053,1.74081344127521,9.26144891179249,-3.55100104560578,-0.02107485,-0.1518,-0.16065755,347.59738,-97.59262,6.6367874,STD
2878008717000,0.679989,1.71402001810191,9.25839350894455,-3.55335134907024,-0.038789943,-0.10048734,-0.16584991,347.68195,-97.72355,6.6788125,STD
2878013775000,0.685047,1.68656435878048,9.25526258763076,-3.55575974350364,-0.04550946,-0.040317107,-0.19120082,347.74985,-97.84571,6.7121468,STD
2878018743000,0.690015,1.65959723432242,9.25218737666063,-3.55812528394356,-0.061086524,0.0143553335,-0.2012801,347.80423,-97.96618,6.748391,STD
2878023775000,0.695047,1.63228270729486,9.24907254944612,-3.56052129833439,-0.04153884,0.06414085,-0.21746802,347.84155,-98.08308,6.7761035,STD
2878028767000,0.700039,1.60518530687323,9.24598248238435,-3.56289826650591,-0.042455133,0.10751228,-0.22693644,347.8645,-98.19327,6.8033032,STD
2878033790000,0.705062,1.57791963333201,9.24287322620421,-3.56528999549739,-0.036651913,0.15088372,-0.23915374,347.8724,-98.302734,6.825746,STD
2878038853000,0.710125,1.55043683318484,9.23973920987132,-3.56770077070821,-0.031154128,0.17562376,-0.24984388,347.8727,-98.40977,6.8460975,STD
2878043778000,0.71505,1.52370311982817,9.23669061606539,-3.57004583646235,-0.036957346,0.18753563,-0.24465153,347.86414,-98.516266,6.8678956,STD
2878048781000,0.720053,1.49654600958991,9.23359373996162,-3.57242804234418,-0.05497787,0.20097467,-0.24312437,347.8475,-98.617744,6.8860006,STD
2878053766000,0.725038,1.46948660632433,9.23050800592658,-3.57480167742731,-0.062308256,0.20189096,-0.24129178,347.83105,-98.72068,6.9053855,STD
2878058752000,0.730024,1.4424217748936,9.22742165288771,-3.57717578866592,-0.058337633,0.20708331,-0.24281894,347.8094,-98.82132,6.9244385,STD
2878063808000,0.73508,1.41497697190247,9.22429196958156,-3.57958323078835,-0.070554934,0.20525073,-0.2415972,347.78955,-98.918,6.944347,STD
2878068727000,0.739999,1.38827582753669,9.22124708979854,-3.5819254396096,-0.06505715,0.18234327,-0.2312125,347.7744,-99.01935,6.965705,STD
2878073778000,0.74505,1.36085816537131,9.21812050151147,-3.58433050095462,-0.07360926,0.14294247,-0.22418754,347.76443,-99.11452,6.985616,STD
2878078769000,0.750041,1.33376619311483,9.21503105345352,-3.58670699297065,-0.09101892,0.1301143,-0.22052236,347.75354,-99.2095,7.007294,STD
2878084840000,0.756112,1.30081180249791,9.21127308127163,-3.5895977329084,-0.105068825,0.08277224,-0.21746802,347.76392,-99.30378,7.028209,STD
2878088895000,0.760167,1.27880059282049,9.20876302078776,-3.59152854339227,-0.10415252,0.06719518,-0.22204952,347.76862,-99.39558,7.048162,STD
2878093789000,0.765061,1.25223515258343,9.2057336161002,-3.59385884832644,-0.116675265,0.032986723,-0.2180789,347.7924,-99.483505,7.068962,STD
2878098769000,0.770041,1.22520289014359,9.20265097708424,-3.59623010263215,-0.11942416,0.022602014,-0.2144137,347.81342,-99.57122,7.088248,STD
2878103774000,0.775046,1.19803492357504,9.19955286297283,-3.59861326082495,-0.13408493,0.012217305,-0.21655174,347.84393,-99.65267,7.1055307,STD
2878108768000,0.78004,1.17092666682312,9.19646155790343,-3.60099118130743,-0.129198,0.028099801,-0.22082779,347.86966,-99.736496,7.1233816,STD
2878113940000,0.785212,1.14285219667475,9.19326007015433,-3.60345385746589,-0.11026118,0.0009162979,-0.22357668,347.9104,-99.81894,7.1389003,STD
2878118749000,0.790021,1.11674815047532,9.19028328079134,-3.605743689184,-0.11209377,-0.027183503,-0.21563543,347.9468,-99.89845,7.1563697,STD
2878123718000,0.79499,1.08977559785211,9.18720745081739,-3.6081097057794,-0.10629055,-0.050701816,-0.20005837,347.98956,-99.98302,7.1741095,STD
2878128972000,0.800244,1.06369960841258,9.18365541356977,-3.61025242978642,-0.11575896,-0.070554934,-0.1881465,348.03912,-100.06384,7.191848,STD
2878133777000,0.805049,1.07363399621143,9.17626239885429,-3.60724900685317,-0.122478485,-0.076052725,-0.17715092,348.09143,-100.148056,7.2129884,STD
2878138902000,0.810174,1.08422998736005,9.16837702936067,-3.60404556407836,-0.11636983,-0.089186326,-0.18295415,348.1101,-100.16204,7.1145477,STD
2878143730000,0.815002,1.09421192789967,9.16094862664551,-3.601027764719,-0.10323623,-0.09682214,-0.18020524,348.1301,-100.18187,7.0234256,STD
2878148719000,0.819991,1.10452673762464,9.1532725079326,-3.59790933037685,-0.09896017,-0.10262536,-0.19517145,348.15298,-100.1982,6.9269624,STD
2878154259000,0.825531,1.11598074561749,9.14474861583609,-3.59444648687004,-0.0870483,-0.118507855,-0.19242255,348.18222,-100.22449,6.8373485,STD
2878158763000,0.830035,1.12529281276547,9.13781872233379,-3.59163120760024,-0.069027774,-0.119729586,-0.19028452,348.2088,-100.251595,6.745392,STD
2878163839000,0.835111,1.13578749590115,9.13000874466558,-3.58845839286367,-0.06658431,-0.116980694,-0.2003638,348.23886,-100.27766,6.6520023,STD
2878168716000,0.839988,1.1458707444537,9.12250495012501,-3.58540996546607,-0.07941248,-0.11636983,-0.20250183,348.27072,-100.307495,6.563003,STD
2878173690000,0.844962,1.15615454152165,9.11485191054233,-3.58230090705399,-0.08002335,-0.11881329,-0.19517145,348.30307,-100.34169,6.4754887,STD
2878178699000,0.849971,1.16651070145598,9.10714501965579,-3.57916997147175,-0.07880162,-0.1151481,-0.18448131,348.33395,-100.37482,6.3902407,STD
2878183739000,0.855011,1.17693095421482,9.09939043190011,-3.57601965896736,-0.09101892,-0.11148291,-0.18081611,348.3659,-100.40585,6.306569,STD
2878188802000,0.860074,1.18739875971443,9.09160045614476,-3.57285497003685,-0.10262536,-0.105068825,-0.16371189,348.39743,-100.44225,6.2314963,STD
2878193741000,0.865013,1.19761019391599,9.08400126786593,-3.56976778879495,-0.124005646,-0.09407325,-0.15454891,348.42676,-100.4735,6.157007,STD
2878198722000,0.869994,1.20790846355722,9.07633745802247,-3.56665435494884,-0.14538592,-0.09040806,-0.13652839,348.45776,-100.506874,6.0911646,STD
2878203639000,0.874911,1.21807441252849,9.06877211913464,-3.56358092507104,-0.1740966,-0.09162979,-0.1328632,348.48718,-100.53301,6.025363,STD
2878208623000,0.879895,1.22837888470112,9.06110369346514,-3.56046561603892,-0.20708331,-0.08857546,-0.12461651,348.51563,-100.557045,5.967439,STD
2878213652000,0.884924,1.23877639484481,9.05336603040496,-3.55732217921658,-0.22785273,-0.08460484,-0.1328632,348.54388,-100.57528,5.9069653,STD
2878218635000,0.889907,1.24907879950697,9.04569914334414,-3.55420749524646,-0.2443461,-0.06291912,-0.12064589,348.56775,-100.591515,5.856567,STD
2878223639000,0.894911,1.25942462188896,9.03799994550101,-3.55107968497424,-0.2764165,-0.06047566,-0.129198,348.59497,-100.59467,5.7983336,STD
2878228635000,0.899907,1.26975390418721,9.03031305652733,-3.54795687519806,-0.29779682,-0.056505036,-0.12461651,348.61697,-100.60062,5.7492623,STD
2878233612000,0.904884,1.28004390378656,9.0226554011186,-3.54484594159998,-0.30695978,-0.04917465,-0.14110987,348.6363,-100.597466,5.69305,FKL
2878238646000,0.909918,1.29045175148259,9.01491004501501,-3.54169937946761,-0.31031954,-0.026572637,-0.13622294,348.65155,-100.59491,5.6459856,FKL
2878243633000,0.914905,1.30076242618663,9.00723700351947,-3.53858219524948,-0.3051272,-0.0033597588,-0.1337795,348.664,-100.5897,5.5949273,FKL
2878248636000,0.919908,1.31110618105815,8.99953934428501,-3.53545501003926,-0.2996294,0.025350908,-0.14721853,348.66824,-100.582466,5.542973,FKL
2878253627000,0.924899,1.32142512580405,8.99186014835474,-3.53233532557311,-0.27855456,0.015882496,-0.14721853,348.6778,-100.583046,5.4957438,FKL
2878258827000,0.930099,1.33217618023778,8.98385938320999,-3.52908500314794,-0.28191432,0.009773844,-0.1459968,348.67807,-100.57752,5.4474497,FKL
2878263734000,0.935006,1.34232145410437,8.97630943040898,-3.52601782389019,-0.28221974,0.014966198,-0.14966199,348.67795,-100.57743,5.398791,FKL
2878268726000,0.939998,1.35264246636074,8.96862869587003,-3.52289751436203,-0.269697,0.016798794,-0.15210545,348.68097,-100.5803,5.351304,FKL
2878273724000,0.944996,1.36297588367992,8.96093872967898,-3.51977345446184,-0.2666427,0.013744468,-0.16401732,348.68362,-100.57915,5.3010283,FKL
2878278709000,0.949981,1.37328242336302,8.9532687654008,-3.51665752036771,-0.267559,0.0143553335,-0.160963,348.68564,-100.58213,5.25545,FKL
2878283748000,0.95502,1.38370060861139,8.94551571625381,-3.51350783292532,-0.26358834,0.042455133,-0.172264,348.6798,-100.58358,5.2045207,FKL
2878288725000,0.959997,1.39399060821075,8.93785806084507,-3.51039689932724,-0.2687807,0.044898596,-0.17470746,348.68195,-100.58446,5.156725,FKL
2878293917000,0.965189,1.40472512256072,8.92986960456978,-3.50715157739811,-0.28221974,0.04734206,-0.17104226,348.67627,-100.58375,5.1096992,FKL
2878298717000,0.969989,1.41464917280724,8.92248428289771,-3.50415127977487,-0.28313604,0.055283304,-0.17379116,348.66824,-100.58388,5.061477,FKL
2878303708000,0.97498,1.42496811755314,8.91480508696744,-3.50103159530872,-0.29260445,0.05681047,-0.17012598,348.6622,-100.58014,5.016813,FKL
2878308744000,0.980016,1.43538010027011,8.90705665364649,-3.49788378305235,-0.28863382,0.043982297,-0.16798794,348.65814,-100.57925,4.9715314,FKL
2878313719000,0.984991,1.44566596484853,8.89940207545512,-3.49477409957827,-0.30451632,0.02076942,-0.15882497,348.65744,-100.57263,4.9297013,FKL
2878318980000,0.990252,1.4565431374208,8.89130745518079,-3.4914856483708,-0.310625,-0.003970624,-0.15271631,348.6611,-100.569595,4.8877683,FKL
2878323713000,0.994985,1.46632866446596,8.8840252202904,-3.4885272299019,-0.32253686,-0.028710667,-0.14874569,348.67194,-100.56221,4.847507,FKL
2878328696000,0.999968,1.47678899331775,8.86355725707891,-3.48120163484204,-0.32406402,-0.03848451,-0.14049901,348.68622,-100.55752,4.810463,FKL
2878333747000,1.005019,1.48814675369382,8.78163639183302,-3.45365303390984,-0.33017266,-0.053145275,-0.12705997,348.7095,-100.55006,4.775335,FKL
2878339691000,1.010963,1.50151252832764,8.68523219008653,-3.42123393196151,-0.33841935,-0.055588737,-0.10629055,348.75287,-100.56218,4.795817,FKL
2878343743000,1.015015,1.51062392112983,8.61951384798074,-3.39913396542473,-0.3368922,-0.062002823,-0.10323623,348.80078,-100.57449,4.813848,FKL
2878348728000,1.02,1.52183327283736,8.53866341969906,-3.37194533433247,-0.33475417,-0.06627888,-0.08582657,348.84995,-100.58929,4.8413277,FKL
2878353707000,1.024979,1.53302913284775,8.45791030386867,-3.34478942777112,-0.33841935,-0.07269296,-0.08735373,348.90024,-100.60074,4.8634458,FKL
2878358770000,1.030042,1.54441387661811,8.3757948137202,-3.31717537777711,-0.3213151,-0.073303826,-0.074830994,348.95102,-100.62195,4.893977,FKL
2878363769000,1.035041,1.5556547089523,8.29471732305218,-3.28991038944608,-0.310625,-0.081855945,-0.059253927,349.0054,-100.64061,4.923736,FKL
2878368765000,1.040037,1.56688879543792,8.2136884886098,-3.26266176338049,-0.29993483,-0.06994407,-0.03573562,349.05457,-100.666046,4.9596267,FKL
2878373720000,1.044992,1.57803068865975,8.13332462258458,-3.23563675494275,-0.29077184,-0.062002823,-0.029321533,349.1066,-100.69322,4.993838,FKL
2878378711000,1.049983,1.58925353206442,8.05237688185161,-3.20841539931959,-0.27305678,-0.0571159,-0.025045475,349.1566,-100.72767,5.0337353,FKL
2878383884000,1.055156,1.60088562361569,7.96847733009612,-3.18020139959235,-0.2742785,-0.03970624,-0.0061086523,349.2012,-100.76199,5.079757,FKL
2878388726000,1.059998,1.61177342320804,7.88994618190356,-3.15379270315329,-0.26053402,-0.018936822,0.018325957,349.24338,-100.80529,5.1281204,FKL
2878393704000,1.064976,1.62296703460224,7.80920928481506,-3.12664225068041,-0.23487769,-0.0033597588,0.049480084,349.2828,-100.85419,5.1834135,FKL
2878398777000,1.070049,1.6343742645345,7.72693160724777,-3.09897365980157,-0.22296582,0.017104227,0.086132,349.31592,-100.906525,5.247364,FKL
2878403772000,1.075044,1.64560610240393,7.64591899154727,-3.07173048782447,-0.20738874,0.007330383,0.13041973,349.35458,-100.97078,5.320393,FKL
2878409689000,1.080961,1.65891116440062,7.54995269583158,-3.03945864626521,-0.20525073,0.005497787,0.1994475,349.38773,-101.042366,5.410763,FKL
2878413731000,1.085003,1.6680000710409,7.48439654114462,-3.01741322061327,-0.20066923,0.012217305,0.22113322,349.42053,-101.11703,5.498653,FKL
2878418711000,1.089983,1.67919817966749,7.40362720657235,-2.99025185996343,-0.20341812,0.034513887,0.2742785,349.45377,-101.203674,5.6136966,FKL
2878423784000,1.095056,1.69060540959974,7.32134952900506,-2.96258326908459,-0.19853121,0.064446285,0.33750305,349.48392,-101.29702,5.736438,FKL
2878428770000,1.100042,1.70181700992347,7.2404828819815,-2.93538918390384,-0.1872302,0.106901415,0.40500367,349.50647,-101.398766,5.87487,FKL
2878433728000,1.105,1.71296564899387,7.16007035973063,-2.90834781320065,-0.17256944,0.1459968,0.4831944,349.5246,-101.512665,6.032951,FKL
2878438785000,1.110057,1.72433690106708,7.07805218203345,-2.88076648773755,-0.13530666,0.1908954,0.55863625,349.53177,-101.64375,6.208838,FKL
2878443789000,1.115061,1.73558897648223,6.99689359765602,-2.85347422896409,-0.103847094,0.2171626,0.6264423,349.53616,-101.78695,6.40244,FKL
2878448779000,1.120051,1.74680957127071,6.91596207566493,-2.82625832742941,-0.087964594,0.23243423,0.6908886,349.53418,-101.94562,6.6144934,FKL
2878453736000,1.125008,1.75795596172492,6.83556577215595,-2.7992224108147,-0.06505715,0.23640485,0.745561,349.5305,-102.1215,6.8397975,FKL
2878459448000,1.13072,1.77080005740263,6.74292431852607,-2.76806865739464,-0.064751714,0.2415972,0.795652,349.52475,-102.30426,7.0786757,FKL
2878463856000,1.135128,1.78071195756849,6.67143210431029,-2.74402703535759,-0.065973446,0.2501493,0.84391034,349.51923,-102.49938,7.328478,FKL
2878468741000,1.140013,1.79169644765701,6.59220355021681,-2.71738381311372,-0.073303826,0.26328292,0.8885035,349.5129,-102.69958,7.587331,FKL
2878473720000,1.144992,1.80289230766741,6.51145043438643,-2.69022790655236,-0.07269296,0.2660318,0.93492925,349.50925,-102.90849,7.8555017,FKL
2878479407000,1.150679,1.81568018794037,6.4192144493036,-2.6592105053444,-0.06963864,0.31398472,0.98837996,349.49124,-103.12397,8.136351,FKL
2878484416000,1.155688,1.82694350643646,6.33797477121675,-2.63189097612853,-0.048258353,0.36163223,1.0467176,349.47473,-103.351395,8.426786,FKL
2878488787000,1.160059,1.83677220780329,6.26708265045061,-2.60805115536539,-0.010995574,0.40042216,1.0769554,349.448,-103.58596,8.72117,FKL
2878493737000,1.165009,1.84790285794417,6.1867998781348,-2.58105341737006,0.00061086525,0.464563,1.1508701,349.4055,-103.83673,9.042648,FKL
2878498718000,1.16999,1.85910321518694,6.10601432482065,-2.55388660263174,0.03940081,0.5363397,1.2311989,349.35147,-104.106445,9.371393,FKL
2878503733000,1.175005,1.87038002538017,6.02467733428252,-2.52653434888496,0.060170226,0.5873469,1.2938126,349.28793,-104.3833,9.712432,FKL
2878508775000,1.180047,1.88171754821054,5.94290243771357,-2.49903483474912,0.10140363,0.60231316,1.3451253,349.21786,-104.68346,10.068646,FKL
2878513863000,1.185135,1.89315850738565,5.86038147901804,-2.47128443254301,0.11789699,0.6310238,1.3891076,349.13226,-104.99085,10.437483,FKL
2878518741000,1.190013,1.90412725716084,5.78126645611774,-2.44467938891853,0.093767814,0.6948592,1.4236214,349.0346,-105.30362,10.814272,FKL
2878523720000,1.194992,1.91532311717123,5.70051334028735,-2.41752348235717,0.06566802,0.77946407,1.4376713,348.92407,-105.62032,11.193748,FKL
2878528750000,1.200022,1.88347776694277,5.65427112059488,-2.3942018,0.03023783,0.8753699,1.41904,348.79208,-105.92774,11.571109,FKL
2878533742000,1.205014,1.60898110670181,5.80726943625753,-2.3942018,0.025350908,0.95233893,1.3836098,348.64117,-106.23166,11.944553,FKL
2878538787000,1.210059,1.3300751048539,5.9606566738056,-2.40321560364172,0.057726767,1.010982,1.2944235,348.48712,-106.58846,12.422966,FKL
2878543703000,1.214975,1.01574856270875,6.07495731828666,-2.66855607491546,0.082161374,1.0934488,1.1468995,348.29776,-106.923,12.874907,FKL
2878549167000,1.220439,0.66638317900633,6.20199936902801,-2.96347477610336,0.1255328,1.2336423,0.94714653,348.04407,-107.17273,13.214831,FKL
2878553724000,1.224996,0.423484935176653,6.24261510432796,-3.27615542798517,0.19639318,1.4205672,0.7199047,347.74356,-107.39099,13.508018,FKL
2878558725000,1.229997,0.1716088842045,6.2673897366842,-3.63951767983447,0.30024028,1.629483,0.5002986,347.38678,-107.57772,13.75231,FKL
2878563696000,1.234968,0.010447426,6.34158733636364,-3.96740989090909,0.4147775,1.8515326,0.3213151,346.96454,-107.71361,13.863024,FKL
2878568788000,1.24006,-0.012357054090535,6.49665769087168,-4.25018533849607,0.52564955,1.9459113,0.2098322,346.51694,-107.83193,13.935577,FKL
2878573663000,1.244935,0.0437913881710367,6.71819198555869,-4.49183053018959,0.65179324,2.146275,0.19883664,345.99988,-107.981964,13.94202,FKL
2878578716000,1.249988,0.344408858793062,7.17497442077451,-4.65189966394514,0.71929383,2.3600779,0.24556783,345.45917,-108.132126,13.943908,FKL
2878585191000,1.256463,0.767988174625115,7.77084334112424,-4.81621206121303,0.8381071,2.6484063,0.41630468,344.88458,-108.39593,13.991675,FKL
2878588719000,1.259991,1.36238074984502,8.19540948739214,-4.5190157588255,0.9651671,2.6847527,0.4605924,344.33102,-108.65927,14.021783,FKL
2878593793000,1.265065,2.21724127327637,8.80602417734774,-4.09158547585658,0.9786061,2.6325238,0.5213735,343.8066,-109.07736,14.201491,FKL
2878598685000,1.269957,2.90920953189992,9.19537896618452,-3.69735882191165,0.9663888,2.4767532,0.5571091,343.32007,-109.51024,14.387893,FKL
2878603715000,1.274987,3.40824806278342,9.27541358111806,-3.32072597026974,0.85918194,2.2278256,0.5626069,342.8921,-109.92405,14.5767,FKL
2878608770000,1.280042,3.84747759359193,9.24959278962348,-2.96163197775067,0.7079928,1.9181169,0.56016344,342.67227,-110.572975,15.043268,FKL
2878613964000,1.285236,4.17917136698382,9.01902514450679,-2.6299381198829,0.5513059,1.5824465,0.5830709,342.51093,-111.15703,15.476713,FKL
2878618865000,1.290137,4.49215388207693,8.80146410701797,-2.31695552507929,0.40530908,1.1814134,0.6392705,342.41135,-111.82189,16.004986,FKL
2878623730000,1.295002,4.75138667734034,8.36589072669576,-1.94845936238596,0.33444872,0.6450737,0.69974613,342.42044,-112.430084,16.479277,FKL
2878628645000,1.299917,5.00811515160651,7.90377934629115,-1.57036830829036,0.36926803,0.06078109,0.79504114,342.53827,-113.00912,16.919384,FKL
2878633746000,1.305018,4.89647707034365,7.35306389080252,-1.35427422975654,0.44868052,-0.5006041,0.915687,342.67105,-113.56996,17.392853,FKL
2878638754000,1.310026,4.72349023359383,6.80046653967538,-1.17167685987376,0.5491679,-1.01312,0.9950995,342.9459,-114.13042,17.820436,FKL
2878643796000,1.315068,4.26774004923829,6.26613512187324,-1.24488037398909,0.61422503,-1.4052955,1.0094548,343.27808,-114.71386,18.288355,FKL
2878648742000,1.320014,3.78222270801204,5.7449834180741,-1.35178322915178,0.59986967,-1.6804903,0.9935723,343.7129,-115.293365,18.719822,FKL
2878653718000,1.32499,3.43088253207979,5.37436637625274,-1.643861564675,0.56230146,-1.8429805,0.95478237,344.2142,-115.86802,19.11581,FKL
2878658743000,1.330015,3.12313487960294,5.05283913491458,-2.00213495185645,0.48899764,-1.8661933,0.9285152,344.73755,-116.41542,19.483837,FKL
2878663747000,1.335019,2.93327783403426,4.91917411950969,-2.4982155348446,0.4016439,-1.7235563,0.89827734,345.28482,-116.92761,19.761503,FKL
2878668722000,1.339994,2.80621248630629,4.88496424567648,-3.06512232169453,0.3200934,-1.6013832,0.8597928,345.82593,-117.40432,20.013151,FKL
2878673780000,1.345052,2.76119279825904,5.00142743196862,-3.50363446741917,0.27580565,-1.2922854,0.8481864,346.3082,-117.92259,20.233784,FKL
2878678742000,1.350014,2.75210157317773,5.17870743648364,-3.87637692661182,0.2593123,-0.9468411,0.8197812,346.72372,-118.39989,20.442158,FKL
2878683777000,1.355049,2.75907261842175,5.38760120154625,-3.94592263647027,0.21991149,-0.6747007,0.782213,347.12274,-118.86154,20.61333,FKL
2878688814000,1.360086,2.77621945627833,5.61479693743002,-3.82160797248734,0.16920967,-0.5662721,0.7458665,347.45776,-119.297226,20.785776,FKL
2878693773000,1.365045,2.85659547210856,5.84559502605428,-3.70965905227557,0.08582657,-0.59040123,0.70554936,347.78992,-119.696106,20.924698,FKL
2878698788000,1.37006,3.04710202555324,6.09124815277662,-3.61440588025052,0.0012217305,-0.6881397,0.6771441,348.10352,-120.06842,21.05326,FKL
2878703746000,1.375018,3.22966648859932,6.40092556969295,-3.73857323306482,-0.073303826,-0.8231409,0.6585127,348.40976,-120.41641,21.156338,FKL
2878708845000,1.380117,3.41014910181956,6.80354061880212,-4.14118842714177,-0.12675454,-0.9059132,0.6337727,348.71732,-120.73149,21.238417,FKL
2878713768000,1.38504,3.54206678478218,7.11960408265367,-4.40060937754128,-0.17470746,-0.9251554,0.6084218,349.0088,-121.04914,21.326635,FKL
2878718774000,1.390046,3.59451924847822,7.30080325826537,-4.41491456775413,-0.20341812,-0.8689558,0.593761,349.2914,-121.34186,21.403778,FKL
2878723643000,1.394915,3.68641368909427,7.46836508297392,-4.42149500766071,-0.22815818,-0.7620544,0.56596667,349.58688,-121.62425,21.462025,FKL
2878728776000,1.400048,3.87823892772643,7.62485432370096,-4.41139889530704,-0.24678956,-0.6435465,0.54336464,349.85318,-121.88676,21.52019,FKL
2878733748000,1.40502,4.09078934913023,7.75711603721288,-4.37406864209515,-0.2864958,-0.5180137,0.5360342,350.08136,-122.13452,21.583553,FKL
2878738809000,1.410081,4.35164661651129,7.85959562064392,-4.29022190475733,-0.32498032,-0.38453966,0.5128214,350.26236,-122.35918,21.647873,FKL
2878743662000,1.414934,4.61006891842553,7.94163187436231,-4.17009473187956,-0.35735616,-0.2501493,0.49449542,350.40057,-122.56995,21.753992,FKL
2878748772000,1.420044,4.90378197584275,7.98568869240772,-3.94001929484845,-0.3848451,-0.19761491,0.4633413,350.51514,-122.75812,21.853292,FKL
2878753675000,1.424947,5.20014016220352,7.99121487796481,-3.72205484938791,-0.37965274,-0.17134771,0.41691554,350.57742,-122.94791,22.007158,FKL
2878758763000,1.430035,5.54499327926549,7.90267170734506,-3.5030267168707,-0.37507126,-0.1731803,0.3555236,350.62396,-123.1165,22.14777,FKL
2878763733000,1.435005,5.85611261426954,7.79283694821373,-3.30873412932153,-0.37598756,-0.15974127,0.30573806,350.62393,-123.28038,22.34854,FKL
2878768768000,1.44004,6.06958178867497,7.58929656779574,-3.18958849779677,-0.3848451,-0.15760323,0.27397305,350.6202,-123.430824,22.53169,FKL
2878773698000,1.44497,6.23085137580251,7.39376464917712,-3.09103190713704,-0.4025602,-0.124311075,0.25870144,350.56522,-123.60026,22.794992,FKL
2878778775000,1.450047,6.25461933847971,7.20362036866547,-3.0434958163272,-0.45478916,-0.081855945,0.22693644,350.49982,-123.74809,23.04116,FKL
2878785226000,1.456498,6.26463466767065,6.95530982391731,-2.99018252730351,-0.528093,-0.020158553,0.18784106,350.39865,-123.9227,23.340193,FKL
2878788708000,1.45998,6.14577370272679,6.77998994484049,-3.00504013628587,-0.65668017,-0.01160644,0.18234327,350.30032,-124.07341,23.631655,FKL
2878793699000,1.464971,5.9754017681964,6.52869140478524,-3.02633661142399,-0.7021896,-0.010995574,0.14782938,350.1799,-124.237595,23.930567,FKL
2878798730000,1.470002,5.75272323067409,6.32242180457638,-3.09669624044527,-0.7883216,-0.018020526,0.10476339,350.0572,-124.363754,24.219349,FKL
2878803682000,1.474954,5.49365380251495,6.15622636569779,-3.20423441756339,-0.8588765,-0.018325957,0.04520403,349.92572,-124.4725,24.489563,FKL
2878808731000,1.480003,5.31868153063373,6.03532303473726,-3.29621864245227,-0.93828905,0.010995574,0.012217305,349.81976,-124.57706,24.738914,FKL
2878813775000,1.485047,5.19984341148396,5.94500605028538,-3.37702876400315,-0.98899084,0.03573562,-0.031154128,349.70563,-124.65834,24.964901,FKL
2878818735000,1.490007,5.1026237713558,5.89232380456505,-3.49217394653213,-1.0390818,0.056199603,-0.06688975,349.61935,-124.72199,25.144764,FKL
2878823726000,1.494998,5.018340605721,5.86422938342476,-3.63264566108934,-1.0861185,0.070554934,-0.103847094,349.5218,-124.76695,25.31219,FKL
2878828661000,1.499933,4.96408571511731,5.8740772979026,-3.7804461022396,-1.1322387,0.10781772,-0.1459968,349.43527,-124.802,25.454367,FKL
2878833749000,1.505021,4.93377227750622,5.91738227337362,-3.9406745114824,-1.1539245,0.122783914,-0.17592919,349.34784,-124.82753,25.58681,FKL
2878838922000,1.510194,4.88682751647503,5.99385663377381,-4.08118054796636,-1.1643091,0.14782938,-0.2012801,349.2718,-124.82526,25.694422,FKL
2878843778000,1.51505,4.81100853923117,6.12953279042389,-4.1689710610949,-1.1713341,0.14813483,-0.22388211,349.1958,-124.815094,25.792063,FKL
2878849096000,1.520368,4.71592671401186,6.28985799757586,-4.25276325857474,-1.1447614,0.14019357,-0.25167647,349.1343,-124.79468,25.864244,FKL
2878853791000,1.525063,4.34487379709447,6.71115758504255,-4.03245059546119,-1.1304061,0.11301007,-0.2864958,349.0756,-124.76596,25.925228,FKL
2878858791000,1.530063,3.94971627109086,7.15982594230207,-3.79782582111235,-1.102001,0.0888809,-0.3286455,349.0415,-124.7251,25.944954,FKL
2878863863000,1.535135,3.66672268599793,7.55040988339193,-3.51499114763185,-1.0821478,0.0290161,-0.37568212,349.0211,-124.67798,25.94672,FKL
2878868729000,1.540001,3.45468203102378,7.89256622099276,-3.22102582223371,-1.0482447,-0.008857546,-0.39920044,348.9994,-124.63594,25.943481,FKL
2878874255000,1.545527,3.34802241855956,8.24580293559557,-2.80577888725762,-1.035722,-0.12034045,-0.514654,349.00983,-124.43712,25.787937,FKL
2878878771000,1.550043,3.30095692390186,8.52391691759003,-2.44209130704393,-0.96944314,-0.1518,-0.5561928,349.01578,-124.269806,25.652918,FKL
2878883733000,1.555005,3.27327146873618,8.75511041319537,-2.01089897045193,-0.95233893,-0.19730948,-0.6273586,349.0304,-123.97786,25.423521,FKL
2878888992000,1.560264,3.25545440277704,8.96446112425931,-1.53874648997966,-0.93676186,-0.2489276,-0.6899723,349.05365,-123.69629,25.184984,FKL
2878893934000,1.565206,3.21405905677433,9.15507178229866,-1.08437658699664,-0.9236283,-0.27947086,-0.74372846,349.03943,-123.33689,24.919432,FKL
2878898785000,1.570057,3.14585453600042,9.33532692512584,-0.626431239689597,-0.93523467,-0.31764993,-0.786489,349.03906,-122.97096,24.637863,FKL
2878903767000,1.575039,3.03580369263097,9.43795152014968,-0.143503240221647,-0.95630956,-0.34605515,-0.8032878,348.99774,-122.544815,24.355448,FKL
2878908751000,1.580023,2.8892496078104,9.46543047083093,0.351116489987526,-0.9492846,-0.3417791,-0.8032878,348.9592,-122.12285,24.0695,FKL
2878914010000,1.585282,2.60398642811402,9.481039,0.924881685482233,-0.947452,-0.34116822,-0.77579886,348.90027,-121.64984,23.782896,FKL
2878920164000,1.591436,2.09195266222179,9.481039,1.66704307388325,-0.93309665,-0.36285394,-0.7495316,348.8517,-121.18732,23.497633,FKL
2878923770000,1.595042,1.74693837247821,9.4114847135741,2.07613959439602,-0.9129381,-0.38820487,-0.72356987,348.77795,-120.68046,23.215027,FKL
2878928768000,1.60004,1.21543750974471,9.23266150186799,2.61260777721046,-0.8689558,-0.419359,-0.6954701,348.7213,-120.19392,22.940025,FKL
2878933736000,1.605008,0.722041594842994,9.11537315047985,3.10032122320537,-0.82863873,-0.43676865,-0.67347896,348.65512,-119.62635,22.62057,FKL
2878938726000,1.609998,0.268007210835317,9.06951112360844,3.53601081370441,-0.788627,-0.41996986,-0.64751714,348.598,-119.0806,22.312449,FKL
2878943671000,1.614943,-0.156464033824083,9.10916033931076,3.90597011681026,-0.75502944,-0.37659842,-0.6227771,348.54105,-118.46472,21.951427,FKL
2878948784000,1.620056,-0.548900130280505,9.30537875736325,4.17576994221599,-0.7333437,-0.30024028,-0.57971114,348.481,-117.869965,21.608904,FKL
2878953639000,1.624911,-0.900352219880839,9.54835491611058,4.32857076253575,-0.7324274,-0.17165314,-0.52381694,348.40363,-117.203964,21.220005,FKL
2878960155000,1.631427,-1.32271401651382,10.0064092177312,4.29287836314585,-0.7333437,0.028710667,-0.4633413,348.29492,-116.55891,20.85804,FKL
2878963715000,1.634987,-1.51476668180051,10.2565680115735,4.25089347695026,-0.7333437,0.14110987,-0.4129449,348.19785,-115.851,20.440025,FKL
2878968750000,1.640022,-1.69794775738139,10.610150097005,4.14013264039226,-0.72784597,0.34880406,-0.3894266,348.02524,-115.16038,20.056355,FKL
2878973991000,1.645263,-1.8763665422637,10.9599923368453,4.02496001785069,-0.7415904,0.58062744,-0.33933565,347.86026,-114.42586,19.619423,FKL
2878978766000,1.650038,-1.86604236556291,11.0219372533113,3.92171817897351,-0.77946407,0.799928,-0.3173445,347.64597,-113.69877,19.198017,FKL
2878983654000,1.654926,-1.85547386803131,11.0853480913606,3.8160331300873,-0.83199847,1.0207558,-0.28191432,347.4068,-112.949135,18.748222,FKL
2878990158000,1.66143,-1.70712536968039,10.8786896164736,3.49497153644359,-0.929126,1.2089024,-0.26145032,347.12158,-112.2029,18.3166,FKL
2878993759000,1.665031,-1.54808402232947,10.5975937953668,3.21387517464607,-1.056186,1.3649784,-0.25534168,346.79037,-111.46472,17.905949,FKL
2878998776000,1.670048,-1.28879965630037,10.0815221530372,2.67904521789857,-1.1994339,1.5036448,-0.25289822,346.42825,-110.734764,17.506365,FKL
2879003775000,1.675047,-0.992348834480047,9.44156416669943,2.0014433464714,-1.3041973,1.6035212,-0.26816985,346.03873,-110.00757,17.112597,FKL
2879008762000,1.680034,0.0296110679424216,9.8711183957663,0.970930025317527,-1.3845261,1.6823229,-0.2284636,345.634,-109.36612,16.78951,FKL
2879013765000,1.685037,1.90392922665538,11.5507021717189,-0.477406702878916,-1.464244,1.6606371,-0.17745635,345.23593,-108.72833,16.465965,FKL
2879018725000,1.689997,3.96157159287014,13.2207828647896,-1.9804459623702,-1.568091,1.4062119,-0.18234327,344.91058,-108.207535,16.202847,FKL
2879023779000,1.695051,8.06538626384755,14.9721586162081,-4.18780110363987,-1.6636915,0.788627,-0.24740042,344.70425,-107.691055,15.922335,FKL
2879028730000,1.700002,11.6371157694729,16.4779997442958,-4.46223460739575,-1.5103643,-0.38820487,-0.1020145,344.76447,-107.6254,15.952238,FKL
2879034437000,1.705709,13.9860699349921,17.3864050708104,2.66525497974036,-0.61086524,-2.3173172,0.005192355,345.22723,-107.615364,15.900903,FKL
2879038928000,1.7102,15.5984885317256,18.0107266940107,7.55950796303617,0.8268061,-5.950133,-0.06261369,346.5296,-108.3532,16.26157,FKL
2879043794000,1.715066,16.6025369903143,18.4022141401463,10.6131047527179,2.0164661,-9.808663,0.0018325958,348.44485,-109.186104,16.515577,FKL
2879048728000,1.72,16.7445969611338,18.4891592949796,13.3901449575627,2.740036,10.006278,-0.17287487,343.84705,-109.77816,17.868198,FKL
2879053779000,1.725051,12.4685791831131,17.0134677251982,14.6218237648331,2.368019,-7.3025885,-0.23182335,351.39038,-110.45563,17.341312,FKL
2879060870000,1.732142,6.22229756020825,14.5832441636893,15.8671190916701,1.1667526,-1.3335189,-0.5122105,346.07855,-110.89891,18.82782,FKL
2879064027000,1.735299,1.96620760449163,11.3271349570233,13.4875358203348,-0.7858781,4.4755044,-1.1893547,345.9186,-111.08236,19.263975,FKL
2879068755000,1.740027,-4.40781625063291,6.45070659810127,9.92381402531645,-2.8096747,6.955617,-1.4587462,345.16113,-110.552475,19.229586,FKL
2879073780000,1.745052,-8.69510257347082,3.29473560785312,7.61453987957746,-3.5121698,9.930531,-1.8133535,342.50497,-109.86376,19.17335,FKL
2879078766000,1.750038,-11.9713067139336,0.960079701700201,5.90438050352113,-4.2928557,9.963212,-2.2156084,340.0242,-109.084854,18.899809,FKL
2879083730000,1.755002,-9.91263903362402,0.859927219678922,2.12412814852839,-4.618752,9.963212,-2.7171285,337.1679,-107.88054,17.877327,FKL
2879089103000,1.760375,-5.52221473455554,1.65540482683183,-2.81191229368744,-4.7497826,9.963212,-2.7281241,334.35947,-73.08456,16.78944,FKL
2879093791000,1.765063,-2.73679785744934,1.97619520354589,-4.17456612464243,-4.394259,9.158092,-2.5066855,331.9849,-74.25408,15.185323,FKL
2879098785000,1.770057,-0.114602027413587,2.19471152271553,-4.65435197635081,-3.4999523,6.896974,-2.21683,330.07022,-75.167145,13.577033,FKL
2879103712000,1.774984,1.28847486705882,1.63909864658824,-5.38385555176471,-2.5937338,3.9370265,-2.0732768,328.50604,-75.69011,12.448037,FKL
2879108732000,1.780004,2.19256979789661,0.730718890723708,-6.24081760417112,-1.9764545,1.5140295,-2.0393736,327.44687,-76.15665,11.415123,FKL
2879113895000,1.785167,3.12219367268722,0.0906304341164953,-7.50146640151738,-1.5238034,-0.0693332,-2.05098,326.898,-76.4379,10.8212595,FKL
2879118736000,1.790008,3.99359585171806,-0.190759868264317,-9.09449841823789,-1.180497,-0.7696902,-2.053729,326.7928,-76.78486,10.304438,FKL
2879123770000,1.795042,4.75114108168471,-0.501213809125364,-9.81865290238442,-1.0439687,-1.0528263,-2.0350976,326.96317,-77.11341,9.978558,FKL
2879128938000,1.80021,5.30770470900666,-0.846489395830904,-9.17448220434194,-1.0885619,-1.3991868,-2.0418172,327.3515,-77.4805,9.679127,FKL
2879134393000,1.805665,5.46330584891114,-0.718618747246224,-8.73293452107482,-1.2583824,-1.7220291,-2.0207422,327.77316,-77.86837,9.544511,FKL
2879139037000,1.810309,5.31099541297857,-0.285119396371619,-8.51423221654373,-1.4596626,-1.7873917,-1.953547,328.21912,-78.23187,9.424229,FKL
2879143682000,1.814954,4.93997861704077,0.173803910636738,-8.36620741273477,-1.6035212,-1.5283848,-1.9639318,328.63965,-78.46992,9.369291,FKL
2879148783000,1.820055,3.62862461296381,0.782486990962895,-8.4959999392579,-1.6945401,-1.1227703,-2.071444,329.0409,-78.68822,9.305319,FKL
2879153944000,1.825216,2.31286080157578,1.41433791691155,-8.57016821950498,-1.7214183,-0.86284715,-2.2162192,329.42517,-78.92185,9.185537,FKL
2879158738000,1.83001,1.2444211517444,2.2247221817375,-7.84127505275614,-1.7363845,-0.8185594,-2.371379,329.7599,-79.17056,9.0292225,FKL
2879163987000,1.835259,0.103548862607381,3.13496454385965,-7.06150143835451,-1.7162259,-0.6462954,-2.5320365,330.04608,-79.67649,8.579356,FKL
2879168738000,1.84001,-0.340788993385187,4.42472411027569,-6.72726515988246,-1.5986344,-0.5021312,-2.615725,330.32312,-80.21478,8.109919,FKL
2879173719000,1.844991,-0.806637627504105,5.77692204761905,-6.37684821543514,-1.5170839,-0.14844026,-2.74981,330.5349,-80.91342,7.3743978,FKL
2879178786000,1.850058,-0.397560506966661,6.26353025378029,-5.71816851528512,-1.3277156,0.23945917,-2.83808,330.6858,-81.65003,6.6285863,FKL
2879184827000,1.856099,0.582649830841683,6.34784919789579,-4.76430776703407,-1.1255192,0.6908886,-2.8625145,330.70773,-82.40935,5.858543,FKL
2879188804000,1.860076,1.33965375098996,6.07998078407461,-3.81323155824964,-0.8863655,0.7635816,-2.845105,330.76886,-83.27189,5.0101867,FKL
2879193766000,1.865038,2.36719472855503,5.50533714746874,-2.38636198081574,-0.82741696,0.7415904,-2.771801,330.71725,-84.10725,4.1754904,FKL
2879198660000,1.869932,3.40385412633818,4.93420080038587,-0.933594136182844,-0.77213365,0.57818395,-2.6734517,330.67487,-84.74882,3.571956,FKL
2879203782000,1.875054,4.51040868529732,4.33239012570496,0.629171697358266,-0.84391034,0.2678644,-2.5573874,330.67645,-85.339806,3.008156,FKL
2879208816000,1.880088,5.71769279157874,3.87485223896041,1.30853333439164,-0.9761627,-0.11484267,-2.4120014,330.79834,-85.60002,2.8152966,FKL
2879214004000,1.885276,7.07390438821024,3.52858565454457,1.20753882814829,-1.1850786,-0.39950588,-2.2134702,330.97623,-85.79224,2.6746366,FKL
2879218788000,1.89006,8.19829374190602,3.1708756434487,0.848541222003451,-1.3976597,-0.44593164,-1.9877555,331.24405,-85.60743,2.9256365,FKL
2879223787000,1.895059,9.22837439926926,2.75301261752766,0.168299275685578,-1.6355917,-0.30787608,-1.815186,331.51605,-85.35188,3.2006102,FKL
2879228783000,1.900055,10.00493959375,2.77946854994104,-0.355192625328223,-1.8967366,-0.07422013,-1.6917913,331.53644,-84.84929,3.4994447,FKL
2879233747000,1.905019,10.50948365625,3.27466925807783,-0.710242203366745,-2.1569653,0.100792766,-1.7195857,331.53387,-84.29776,3.8002677,FKL
2879238744000,1.910016,10.6906316219958,4.0212443339729,-0.842903928446247,-2.3499987,0.14782938,-1.858863,331.42172,-83.64604,4.2152123,FKL
2879243783000,1.915055,10.4567659057462,5.09034600415389,-0.690175122692118,-2.4901922,0.12186762,-1.8161024,331.28726,-82.926956,4.6664624,FKL
2879248748000,1.92002,9.82929099478121,6.29362671617824,-0.181494165772782,-2.6175575,0.030848695,-1.779145,331.1487,-82.19523,5.143187,FKL
2879253780000,1.925052,8.64435801846648,7.72038254275391,0.829326025042152,-2.8081474,-0.22113322,-1.7968601,331.0782,-81.43331,5.611032,FKL
2879258754000,1.930026,7.45523215114679,9.36083660321101,1.87184394600917,-3.0647109,-0.4184427,-1.8658879,331.04578,-80.683784,6.0131016,FKL
2879263867000,1.935139,6.20861532052752,11.3599160141437,3.00240951456422,-3.2015448,-0.9859365,-1.9205604,331.20276,-79.934975,6.4239707,FKL
2879268916000,1.940188,4.97760253394496,13.3339727217125,4.11882366587156,-3.5188892,-1.7357736,-2.0317378,331.5312,-79.21938,6.651615,FKL
2879273787000,1.945059,3.15118791116505,14.8100760407767,4.07338326708738,-3.8997638,-2.5250115,-2.228742,332.03317,-78.49966,6.8554087,FKL
2879278736000,1.950008,1.17253590893204,16.2273427926214,3.8110967416699,-4.2449026,-2.950479,-2.526844,332.6476,-77.76839,7.0080395,FKL
2879284457000,1.955729,-1.40573727766403,17.2290400188164,1.66841753527347,-4.476115,-2.7433958,-3.1380148,333.37823,-77.093735,6.675618,FKL
2879289040000,1.960312,-3.53671811596958,17.8880179581749,-0.462563392395437,-4.5500298,-1.8674151,-3.28279,334.02585,-76.33037,6.381577,FKL
2879293796000,1.965068,-5.03418790796188,16.1454429847887,-1.90443750878983,-4.5372014,-0.5491679,-3.4874296,334.60526,-75.77936,5.499175,FKL
2879298780000,1.970052,-6.34842797034755,13.4526300578608,-3.14055832542601,-4.433049,0.9300423,-3.6529741,334.90558,-75.155106,4.548892,FKL
2879303771000,1.975043,-6.73306232321268,10.6237240037392,-3.5350191424469,-4.287358,2.3811526,-3.6948185,334.86502,-75.05674,3.2425253,FKL
2879308740000,1.980012,-6.56698886995712,7.72930132226543,-3.43063010902383,-4.0323215,3.5665367,-3.6068537,334.51315,-74.87981,1.8954808,FKL
2879314860000,1.986132,-5.39890715416086,4.93638337288473,-2.21846072381047,-3.6459491,4.2366557,-3.5063665,333.9895,-74.58787,0.27064893,FKL
2879318793000,1.990065,-4.36409730939678,3.36917135168226,-1.11991253071073,-3.1535919,4.2357397,-3.4016032,333.33282,-74.25314,-1.3187809,FKL
2879323777000,1.995049,-3.01699009719101,1.99219105991573,0.835630158820225,-2.7116308,3.6160169,-3.2409456,332.66702,-73.65726,-2.8879077,FKL
2879328774000,2.000046,-1.64393460967095,0.993605248075843,3.14966067020465,-2.4346035,2.5042422,-3.0433307,332.13254,-73.06439,-4.3572516,FKL
2879333777000,2.005049,-0.812168951211402,0.0344533822684085,5.19756921591449,-2.375655,1.1554517,-2.888171,331.8767,-72.40682,-5.449271,FKL
2879338765000,2.010037,-0.315755963942993,-0.896911931342043,7.07448312042755,-2.4367414,-0.02565634,-2.7586675,331.88657,-71.78434,-6.3992004,FKL
2879343723000,2.014995,-0.820086252510519,-1.90272211486676,8.00306767741935,-2.6279423,-0.73853606,-2.6887233,332.0895,-70.64385,-7.200906,FKL
2879349691000,2.020963,-2.25152236432779,-3.17956315946704,8.34661270967742,-2.905275,-1.0088439,-2.6688702,332.50348,-69.47434,-7.9075212,FKL
2879353783000,2.025055,-3.43615928957816,-3.59528159476151,8.06577889385167,-3.1905491,-1.169807,-2.5937338,333.1412,-68.093704,-8.395838,FKL
2879358781000,2.030053,-4.97138986476427,-3.90320740556934,7.49831527074717,-3.3954945,-1.2379184,-2.5421157,333.83298,-66.68182,-8.846862,FKL
2879363842000,2.035114,-5.92378862396118,-3.98138471235113,7.00418942262903,-3.454443,-1.3310753,-2.418721,334.6154,-65.12958,-9.403368,FKL
2879368727000,2.039999,-6.08475254156154,-3.7626390667843,6.62860704878694,-3.483459,-1.4132367,-2.2800546,335.40527,-63.568226,-9.909266,FKL
2879373720000,2.044992,-6.18928115029858,-3.49780696113389,6.32292507194762,-3.3637295,-1.45783,-2.1697934,336.2205,-62.04822,-10.620083,FKL
2879378717000,2.049989,-5.94826583479387,-2.99511796490395,6.46753427563134,-3.1267138,-1.5231925,-2.060143,337.04227,-60.599644,-11.256856,FKL
2879384340000,2.055612,-5.6770572858479,-2.42945452167782,6.63025942118138,-2.7476718,-1.7009543,-1.890017,337.87842,-59.257545,-11.865188,FKL
2879388730000,2.060002,-5.35228708263115,-1.87857004986862,6.92689407492978,-2.2293527,-2.014939,-1.641395,338.7345,-58.062584,-12.377246,FKL
2879393707000,2.064979,-4.80815054979614,-1.08395796759627,7.52717159164628,-1.647809,-2.3961189,-1.2922854,339.60522,-57.039463,-12.7695265,FKL
2879398725000,2.069997,-4.404181963699,-0.301575611498026,8.20806937160331,-1.040609,-2.787378,-0.9086621,340.52237,-56.095123,-13.01665,FKL
2879403711000,2.074983,-4.75166953201982,0.378612709728265,9.27640855577921,-0.45937067,-3.051272,-0.5345071,341.43924,-55.34905,-13.132636,FKL
2879410178000,2.08145,-5.20237191957111,1.26083851666176,10.6620783319656,-0.080634214,-3.0592132,-0.12461651,342.31985,-54.709003,-13.010764,FKL
2879413844000,2.085116,-7.16398494175729,2.68443438564593,12.517915369291,-0.2049453,-2.7333164,-0.01985312,343.15646,-54.103527,-12.880629,FKL
2879419667000,2.090939,-10.8703817852632,5.26532840631579,15.8362077684211,-0.43035457,-2.094657,0.1020145,343.83435,-53.622917,-12.698948,FKL
2879423646000,2.094918,-13.0487989777544,6.40396883057459,17.2255181688983,-1.0775663,-1.4181237,0.056505036,344.44904,-52.874775,-12.607193,FKL
2879428715000,2.099987,-14.911773783553,6.2453088633632,16.7341837665788,-1.861001,-1.1099422,-0.106901415,344.98495,-52.041115,-12.555638,FKL
2879433712000,2.104984,-16.3434867736283,5.77834014966372,15.6472120279646,-2.46759,-1.0250319,-0.43401974,345.5011,-50.86178,-13.044054,FKL
2879438738000,2.11001,-17.1187268138053,4.79864127306195,13.5642872927434,-2.7284296,-0.8145888,-0.8567385,345.95444,-49.598175,-13.617298,FKL
2879443761000,2.115033,-17.7449261918455,3.84756923715919,11.582319728723,-2.7094927,-0.3830125,-1.258077,346.41113,-48.26072,-14.545738,FKL
2879448725000,2.119997,-17.3706635462833,3.09510384559543,10.2901278359576,-2.4740043,0.18325958,-1.5803084,346.8572,-46.929195,-15.547193,FKL
2879453696000,2.124968,-16.9958731330902,2.34157736262534,8.99611375478578,-2.1233675,0.46211955,-1.7599027,347.3451,-45.747627,-16.7899,FKL
2879459153000,2.130425,-15.6024583116121,1.95791077461506,8.45745771726925,-1.7342464,0.86498517,-1.8020525,347.72522,-44.639584,-18.14322,FKL
2879463798000,2.13507,-14.1038813384092,1.77248075449596,8.2795961032752,-1.5238034,0.9605856,-1.8240436,348.15717,-43.575157,-19.470741,FKL
2879468718000,2.13999,-12.4341277306651,1.7259578502257,8.18511738940716,-1.1316279,0.8396343,-1.7684549,348.5559,-42.747604,-20.799253,FKL
2879473784000,2.145056,-10.5653159537566,1.94982601130505,8.25811779386097,-0.7706065,0.6462954,-1.6441438,348.95447,-41.97432,-22.086588,FKL
2879478655000,2.149927,-9.03458679335793,2.11615826149397,8.41507668864067,-0.5036584,0.42119157,-1.4993688,349.35092,-41.274406,-23.100525,FKL
2879484227000,2.155499,-7.82653195940959,2.20662927009075,8.77163912127256,-0.344528,0.16035213,-1.3570372,349.78345,-40.65544,-24.029518,FKL
2879488716000,2.159988,-7.06740127886262,2.24030678752998,9.12325480267215,-0.24251351,-0.12186762,-1.2211196,350.20102,-40.12837,-24.65105,FKL
2879493796000,2.165068,-6.57573267831449,2.21114003453237,9.63159024974306,-0.19730948,-0.419359,-1.0833695,350.6549,-39.650238,-25.182192,FKL
2879498927000,2.170199,-6.08168411307809,2.18104953213098,10.1611261620151,-0.15454891,-0.68233645,-0.9211848,351.10342,-39.21721,-25.48171,FKL
2879503775000,2.175047,-5.65131564976322,2.14362619598992,10.8908818029219,-0.17501289,-0.8885035,-0.72692966,351.56882,-38.810974,-25.695404,FKL
2879509051000,2.180323,-5.21591362350565,2.08385678844911,11.6947452340468,-0.24220806,-1.0763446,-0.5421429,352.04797,-38.39169,-25.729628,FKL
2879513717000,2.184989,-5.09860537075929,1.8763115631664,12.4843192148627,-0.33322698,-1.2449434,-0.37812558,352.5251,-37.99469,-25.689606,FKL
2879518750000,2.190022,-4.99005828470016,1.64225788893765,13.308625555699,-0.4361578,-1.3591752,-0.25717425,352.99414,-37.559444,-25.499903,FKL
2879523722000,2.194994,-5.15079501802025,1.25932634580024,13.7151946641183,-0.5513059,-1.4419475,-0.19058995,353.45856,-37.122726,-25.260323,FKL
2879528899000,2.200171,-5.30878129886604,0.862647050543917,14.0782810960984,-0.6041457,-1.4321736,-0.16584991,353.91852,-36.614895,-24.947521,FKL
2879533775000,2.205047,-5.34916831750913,0.512625147703248,13.7237720924467,-0.6218608,-1.3344351,-0.18784106,354.36038,-36.099403,-24.633738,FKL
2879539116000,2.210388,-5.38868250490066,0.15572014461457,13.3412304309934,-0.61819565,-1.0983357,-0.24404067,354.79395,-35.504353,-24.3657,FKL
2879543741000,2.215013,-5.31828367487859,0.433405250795585,13.1378553978808,-0.56779927,-0.8396343,-0.28985557,355.19492,-34.926407,-24.127869,FKL
2879548687000,2.219959,-5.24299878551876,0.730363204346137,12.9203650381457,-0.4831944,-0.64599,-0.33017266,355.58615,-34.338196,-23.972878,FKL
2879553714000,2.224986,-5.06162323753082,1.12330510657311,12.5176730174474,-0.35643986,-0.5522222,-0.30695978,355.93552,-33.78652,-23.849955,FKL
2879558897000,2.230169,-4.82628943215437,1.57043918443391,12.0187652812441,-0.29016098,-0.34238997,-0.22571471,356.21674,-33.253952,-23.794067,FKL
2879563761000,2.235033,-4.63001610675433,2.09725451891969,11.6563543555955,-0.095294975,-0.102319926,-0.17715092,356.46368,-32.843258,-23.760075,FKL
2879568742000,2.240014,-4.445001854063,2.70644759345379,11.354014110964,-0.037873644,0.118202426,-0.06841691,356.63788,-32.44231,-23.746504,FKL
2879573720000,2.244992,-4.25538006332098,3.28653422651839,11.0834383333333,0.058948494,0.2874121,0.04734206,356.74042,-32.19905,-23.748787,FKL
2879578713000,2.249985,-4.05994893689763,3.8364685427716,10.847103,0.13103059,0.3827071,0.1695151,356.7875,-31.984026,-23.766266,FKL
2879583750000,2.255022,-3.93905232814451,4.29102288029635,10.5376099819362,0.12064589,0.39950588,0.28313604,356.7631,-31.893135,-23.75751,FKL
2879588962000,2.260234,-3.94736237252976,4.58602954274536,10.0930224337801,0.067500606,0.3753767,0.35460728,356.70972,-31.82173,-23.748075,FKL
2879594077000,2.265349,-3.96293239408369,4.86915919143819,9.6658634030784,-0.02443461,0.3231477,0.3998113,356.6059,-31.850508,-23.687826,FKL
2879598727000,2.269999,-4.15571224617605,4.97268897739298,9.49807348003848,-0.10293079,0.16615535,0.4392121,356.50977,-31.877274,-23.586718,FKL
2879603700000,2.274972,-4.36188304283309,5.08341018718935,9.31862847202181,-0.19120082,-0.03970624,0.41996986,356.43234,-31.964851,-23.480305,FKL
2879608723000,2.279995,-4.67854394015112,5.07875965914577,9.09686394868297,-0.24220806,-0.22724187,0.36102137,356.3807,-32.03951,-23.342375,FKL
2879613724000,2.284996,-5.11581381970826,4.94305538026026,8.83048105740371,-0.27488935,-0.35185838,0.2959642,356.36105,-32.091255,-23.1772,FKL
2879618699000,2.289971,-5.37411928833693,4.67582934017279,8.60412982073434,-0.30482176,-0.44226643,0.24678956,356.38702,-32.160576,-23.029942,FKL
2879623722000,2.294994,-5.49690663675633,4.30274460975849,8.40578098920086,-0.2883284,-0.46578476,0.2302962,356.42975,-32.22697,-22.87752,FKL
2879628816000,2.300088,-5.53448698501292,3.93702427657192,8.2675308079242,-0.26633725,-0.4569272,0.23732115,356.52634,-32.267143,-22.795954,FKL
2879633763000,2.305035,-5.49821438225668,3.59243530789549,8.1859176174275,-0.2144137,-0.43493605,0.20586158,356.6362,-32.310455,-22.723656,FKL
2879638769000,2.310041,-5.31120766984456,3.33307612186528,8.11360942124352,-0.11636983,-0.39675698,0.14049901,356.7827,-32.31664,-22.704298,FKL
2879643830000,2.315102,-4.93451172327461,3.18239777470466,8.05333815580311,0.014049901,-0.33017266,0.063224554,356.92883,-32.338284,-22.70589,FKL
2879648770000,2.320042,-4.4956995107171,3.21756280014775,8.10846690504334,0.15668693,-0.23884831,0.007941248,357.091,-32.328827,-22.742186,FKL
2879653775000,2.325047,-3.98578545673759,3.4205840287234,8.26899567375887,0.2968805,-0.19058995,-0.039095376,357.26474,-32.342518,-22.796778,FKL
2879658751000,2.330023,-3.46743309504124,3.72693569973169,8.50528196243665,0.35460728,-0.10476339,-0.053145275,357.40988,-32.3539,-22.83955,FKL
2879663767000,2.335039,-2.93278407021763,4.14701720099374,8.82511613912352,0.43035457,-0.020158553,-0.049785517,357.5529,-32.40003,-22.8993,FKL
2879668989000,2.340261,-2.48274060433975,4.56134945010263,9.15051068184928,0.47036624,0.0421497,-0.030848695,357.6475,-32.48052,-22.87748,FKL
2879673742000,2.345014,-2.17130482049653,4.91727579474147,9.43970130143681,0.47128254,0.07880162,0.0106901415,357.72375,-32.571243,-22.865847,FKL
2879678770000,2.350042,-1.96012548491868,5.23036155495318,9.54424358058157,0.4184427,0.077579886,0.05955936,357.744,-32.71907,-22.736721,FKL
2879683730000,2.355002,-1.9086212262691,5.45510749088221,9.380366060621,0.32253686,0.043676864,0.10140363,357.75317,-32.85675,-22.604172,FKL
2879688919000,2.360191,-1.93377777893493,5.51992465840142,9.14014184703219,0.18325958,0.022907447,0.13041973,357.71976,-33.019764,-22.383488,FKL
2879693789000,2.365061,-2.06232329611182,5.35465208344325,8.82336941569052,0.03848451,0.04153884,0.13255776,357.67932,-33.15405,-22.16494,FKL
2879698680000,2.369952,-2.18032027575709,5.18191113089562,8.55159622265625,-0.0842994,0.06688975,0.1432479,357.6323,-33.319275,-21.928808,FKL
2879703779000,2.375051,-2.28257830596005,4.98919406449742,8.3549461171875,-0.16218472,0.109650314,0.13897185,357.57904,-33.45209,-21.706959,FKL
2879709928000,2.3812,-2.41835902918322,4.76502256241943,8.11908630728477,-0.1966986,0.16401732,0.13500121,357.53278,-33.55852,-21.540281,FKL
2879713797000,2.385069,-2.57867518649007,4.67341328574834,7.97840075562914,-0.21594086,0.21135938,0.13500121,357.4781,-33.645878,-21.384068,FKL
2879718736000,2.390008,-2.7833279393819,4.55646879945254,7.79880759470199,-0.226631,0.27366763,0.12797627,357.43118,-33.69828,-21.289688,FKL
2879723785000,2.395057,-3.01636865920502,4.39209779027197,7.48508582792887,-0.2501493,0.3662137,0.110872045,357.37173,-33.739906,-21.21563,FKL
2879728768000,2.40004,-3.26096494778243,4.20241072154812,7.09572848974895,-0.25717425,0.48197266,0.09101892,357.2986,-33.78073,-21.163319,FKL
2879733725000,2.404997,-3.44115538252675,3.97918885275351,6.66278371507804,-0.24740042,0.5757405,0.06383542,357.24054,-33.80339,-21.186613,FKL
2879738949000,2.410221,-3.60322117500736,3.72872361635418,6.18640829864533,-0.2098322,0.66798115,0.026572637,357.16977,-33.827217,-21.239902,FKL
2879744700000,2.415972,-3.64490584010157,3.4847498837299,5.80951530555817,-0.15607607,0.7330383,-0.021991149,357.12558,-33.853912,-21.37843,FKL
2879748789000,2.420061,-3.64122300974325,3.31902240223831,5.57749687761685,-0.07360926,0.7819075,-0.08124508,357.08096,-33.890335,-21.539701,FKL
2879753775000,2.425047,-3.54181045093762,3.1824410579602,5.50413318082664,-0.00061086525,0.8060367,-0.106595986,357.05408,-33.939316,-21.7711,FKL
2879758741000,2.430013,-3.364353586261,3.10053788233831,5.60423713605052,0.03756821,0.82802784,-0.14782938,357.0394,-33.987717,-22.022463,FKL
2879763800000,2.435072,-3.11629399844265,3.10113861099131,5.86421534447439,0.081855945,0.7968737,-0.1740966,357.04596,-34.043976,-22.290855,FKL
2879768741000,2.440013,-2.79507094156933,3.20033985277029,6.30353505902965,0.09437868,0.7263188,-0.18936823,357.06567,-34.093952,-22.556997,FKL
2879773764000,2.445036,-2.50122897442941,3.36935354875555,6.80587942183208,0.07819075,0.6053675,-0.20616703,357.09024,-34.114937,-22.775276,FKL
2879778919000,2.450191,-2.24120727139316,3.62937530502943,7.39220320180729,0.052534413,0.46028697,-0.20189096,357.1329,-34.135254,-22.968132,FKL
2879783911000,2.455183,-2.09709199403185,3.86422940564072,7.72716279037059,0.019242255,0.3155119,-0.22449298,357.17667,-34.12823,-23.0514,FKL
2879788773000,2.460045,-2.04511722126805,4.07905838438756,7.86229693905343,-0.009773844,0.2321288,-0.22143865,357.22894,-34.119644,-23.108927,FKL
2879793669000,2.464941,-1.99277898855484,4.29538966368507,7.998376081783,-0.03573562,0.21991149,-0.22602014,357.26596,-34.11155,-23.063889,FKL
2879798778000,2.47005,-2.14874031401159,4.58384494341395,7.87882536909854,-0.036651913,0.2929099,-0.25473082,357.30646,-34.100063,-23.023455,FKL
2879803646000,2.474918,-2.34442651908855,4.87271491435139,7.70643531225265,-0.018325957,0.43004912,-0.2761111,357.33493,-34.087887,-22.99493,FKL
2879808748000,2.48002,-2.68851999964186,5.06430611312227,7.48812250274336,0.025961773,0.59131753,-0.2996294,357.32883,-34.11595,-22.952875,FKL
2879813740000,2.485012,-3.05835028687057,5.22525078906239,7.26553930257145,0.07147124,0.754724,-0.30970868,357.29745,-34.147537,-22.94428,FKL
2879818857000,2.490129,-3.4236947030261,5.37905146823897,7.05351190295673,0.08093964,0.85154617,-0.29901853,357.24423,-34.241863,-22.986153,FKL
2879823779000,2.495051,-3.51769905620394,5.31774437972774,7.15160348356889,0.08827003,0.89858276,-0.2669481,357.16772,-34.344658,-23.0501,FKL
2879828682000,2.499954,-3.61134053195179,5.25667395003035,7.24931640915633,0.0580322,0.86651236,-0.21777347,357.10806,-34.492104,-23.208693,FKL
2879833757000,2.505029,-3.70714490726831,5.11554131207025,7.35927579871076,0.011301007,0.81031275,-0.16768251,357.0393,-34.632507,-23.36275,FKL
2879838830000,2.510102,-3.80245939241405,4.94306746375187,7.47274521625561,-0.047036625,0.73761976,-0.09254608,356.96497,-34.764297,-23.489195,FKL
2879843825000,2.515097,-3.88007252976416,4.71266196839487,7.54052044776595,-0.103847094,0.6747007,-0.024129177,356.90134,-34.854134,-23.61475,FKL
2879848746000,2.520018,-3.94572921791223,4.44534530545328,7.57803865321923,-0.15974127,0.655153,0.030543262,356.831,-34.93318,-23.720074,FKL
2879853769000,2.525041,-3.98189532928006,4.17078442865204,7.54677724965869,-0.17531833,0.6252206,0.043982297,356.7705,-34.956425,-23.831575,FKL
2879858743000,2.530015,-3.994901974843,3.89764269878948,7.46440125431874,-0.20311269,0.61666846,0.06047566,356.69803,-34.969692,-23.930534,FKL
2879863770000,2.535042,-4.00855524932249,3.66724217398374,7.37974713170732,-0.20830505,0.6337727,0.0693332,356.64307,-34.928738,-24.056541,FKL
2879868739000,2.540011,-4.02288450269999,3.5143977688648,7.29377220993677,-0.20463985,0.6609562,0.08460484,356.584,-34.88747,-24.17605,FKL
2879873756000,2.545028,-4.00741588922383,3.39450024999487,7.20813245360402,-0.18020524,0.68966687,0.08857546,356.53287,-34.810356,-24.327738,FKL
2879878780000,2.550052,-3.94328383123142,3.33036808897775,7.12426724864144,-0.15088372,0.70402217,0.07269296,356.48218,-34.73645,-24.479984,FKL
2879883778000,2.55505,-3.94218501515371,3.42926741792343,7.14241038761601,-0.11789699,0.7107417,0.06352998,356.42877,-34.65502,-24.651653,FKL
2879888874000,2.560146,-4.02357111323956,3.74419652302784,7.29456729654872,-0.061086524,0.66920286,0.06719518,356.38477,-34.58784,-24.812862,FKL
2879893715000,2.564987,-4.10088471230423,4.04336681302204,7.43911038841357,-0.013133603,0.5852089,0.089186326,356.33588,-34.53136,-24.959929,FKL
2879898784000,2.570056,-4.23748747453002,4.27072871109763,7.5595013886338,0.05222898,0.44623706,0.105374254,356.30853,-34.49373,-25.082703,FKL
2879903782000,2.575054,-4.39920717556095,4.45318177707702,7.66316778038638,0.07666359,0.28191432,0.1282817,356.29742,-34.4626,-25.17333,FKL
2879908967000,2.580239,-4.61541279561306,4.59572973766299,7.6595006116446,0.07849618,0.12522738,0.12522738,356.28995,-34.486877,-25.213371,FKL
2879913906000,2.585178,-4.89271919862529,4.66266589336905,7.49216072162135,0.077579886,0.0070249503,0.1142318,356.30447,-34.517605,-25.222063,FKL
2879918695000,2.589967,-5.13291001116071,4.68948623486201,7.30784899655032,0.07452556,-0.057726767,0.0729984,356.33774,-34.558308,-25.228806,FKL
2879923723000,2.594995,-5.33810403794643,4.65528706034903,7.07822713372565,0.08674286,-0.08124508,0.02321288,356.39063,-34.59813,-25.222675,FKL
2879928670000,2.599942,-5.47562873182711,4.62581387170923,6.94131287524558,0.11789699,-0.08307768,-0.00580322,356.467,-34.644676,-25.271801,FKL
2879933745000,2.605017,-5.51859723133595,4.60194242770138,6.9365384867387,0.13347405,-0.04642576,-0.009162978,356.54523,-34.68505,-25.328543,FKL
2879938698000,2.60997,-5.48224307299545,4.60994211257177,7.03292731934271,0.15363261,-0.009162978,0.02076942,356.624,-34.737286,-25.44094,FKL
2879943737000,2.615009,-5.31027026332409,4.67204357260938,7.30521787982578,0.15363261,0.020158553,0.034208454,356.7015,-34.78266,-25.561958,FKL
2879948646000,2.619918,-5.15763310719593,4.74805501349237,7.60562859835745,0.12980886,0.006414085,0.03848451,356.77332,-34.822613,-25.687714,FKL
2879953712000,2.624984,-5.02955959487681,4.85715455289402,7.98510508486508,0.12186762,-0.0033597588,0.064446285,356.83014,-34.869038,-25.81258,FKL
2879958700000,2.629972,-4.92908662205514,4.96551064603817,8.31532827549643,0.07544186,-0.025045475,0.093767814,356.86743,-34.894135,-25.875937,FKL
2879963800000,2.635072,-4.88671380250627,5.07850484788895,8.55073304704068,0.024129177,-0.054367006,0.103847094,356.9067,-34.915733,-25.933249,FKL
2879968696000,2.639968,-4.8523053752796,5.1744415534516,8.70983805553413,-0.03726278,-0.073303826,0.10781772,356.92383,-34.921272,-25.926723,FKL
2879973772000,2.645044,-4.83824492379483,5.23068360408793,8.64422248476668,-0.10048734,-0.06261369,0.103847094,356.93997,-34.914047,-25.920164,FKL
2879978682000,2.649954,-4.8197939676929,5.26160385281247,8.56272899854778,-0.15760323,-0.015577064,0.095294975,356.9313,-34.900433,-25.887589,FKL
2879984559000,2.655831,-4.76530383931649,5.14172528589408,8.34476791606157,-0.20219639,0.05131268,0.09193522,356.9158,-34.875217,-25.862381,FKL
2879988809000,2.660081,-4.71706132299652,5.04530857351916,8.18596706968641,-0.22907446,0.14782938,0.08124508,356.87756,-34.856403,-25.855766,FKL
2879993745000,2.665017,-4.59110824047961,4.85637930383275,7.99219340787047,-0.25534168,0.24220806,0.08460484,356.82404,-34.829273,-25.861597,FKL
2879998739000,2.670011,-4.4603032167105,4.66558264588813,7.80381107694196,-0.2678644,0.31215215,0.09560041,356.75565,-34.800053,-25.894558,FKL
2880003779000,2.675051,-4.30796088741014,4.47515473426267,7.65993228893565,-0.26939157,0.3659083,0.116675265,356.66962,-34.770283,-25.94098,FKL
2880008701000,2.679973,-4.15918530312116,4.28918525390146,7.51942209160091,-0.2556471,0.41630468,0.14294247,356.56702,-34.74037,-25.999155,FKL
2880013773000,2.685045,-4.01138167671606,4.14426682316299,7.33929466549743,-0.23518312,0.44043383,0.17287487,356.45477,-34.71664,-26.057001,FKL
2880018721000,2.689993,-3.86809171630884,4.01052938048584,7.15779403568189,-0.1957823,0.44318274,0.19394971,356.33475,-34.704403,-26.116035,FKL
2880023725000,2.694997,-3.77500127067344,3.93835731271633,7.05984608837472,-0.1518,0.4147775,0.22602014,356.21185,-34.695255,-26.15646,FKL
2880028705000,2.699977,-3.68977198060572,3.87555685221971,6.97461670462754,-0.10476339,0.3662137,0.24617869,356.0926,-34.69828,-26.189625,FKL
2880033786000,2.705058,-3.67498601080819,3.87005671621228,6.91741664595906,-0.06719518,0.30115658,0.25717425,355.97025,-34.715385,-26.202417,FKL
2880038776000,2.710048,-3.68425897714175,3.88396616571262,6.87105181429126,-0.023518313,0.23518312,0.26725355,355.85547,-34.747944,-26.1997,LYI
2880043704000,2.714976,-3.74834105992923,3.90860706294754,6.86720539593047,0.01038471,0.19639318,0.25503623,355.7448,-34.78551,-26.184782,LYI
2880048718000,2.71999,-3.83830008952956,3.9385933713572,6.88219849794963,0.0421497,0.13530666,0.2507602,355.64954,-34.834927,-26.146826,LYI
2880053708000,2.72498,-4.05897533248949,4.01624447311186,6.9010718489487,0.04642576,0.06536258,0.25778514,355.56592,-34.88905,-26.102594,LYI
2880058826000,2.730098,-4.32692449913373,4.11105716641716,6.92168331337258,0.060170226,-0.011911872,0.26450464,355.49887,-34.950993,-26.044369,LYI
2880063718000,2.73499,-4.51374600633542,4.14917361899719,6.90013383799439,0.06688975,-0.079107046,0.258396,355.4482,-35.004795,-25.989458,LYI
2880068770000,2.740042,-4.59694443098923,4.10538504663771,6.81255669327541,0.06811147,-0.1337795,0.25625798,355.40894,-35.06077,-25.919231,LYI
2880073718000,2.74499,-4.67170759946628,4.06494098211023,6.74727374504773,0.0870483,-0.14385876,0.23182335,355.39627,-35.11392,-25.90142,LYI
2880078711000,2.749983,-4.71587809735195,4.03549406893154,6.77672081196757,0.089491755,-0.14110987,0.204029,355.3938,-35.161045,-25.876278,LYI
2880084357000,2.755629,-4.7500963,4.03769228754104,6.83631274425436,0.10720685,-0.13652839,0.17684549,355.40585,-35.2027,-25.883064,LYI
2880088767000,2.760039,-4.7500963,4.09972567789874,6.9275380941766,0.1160644,-0.12675454,0.16493362,355.41953,-35.239677,-25.894215,LYI
2880093713000,2.764985,-4.7500963,4.16929872749266,7.02985115102817,0.122783914,-0.12675454,0.1441642,355.44064,-35.267365,-25.920214,LYI
2880098728000,2.77,-4.74541783123332,4.33923440683396,7.23544888360918,0.11362094,-0.13133603,0.13225232,355.4616,-35.291878,-25.947845,LYI
2880103907000,2.775179,-4.74336167437536,4.52559741083349,7.44721862750334,0.10354166,-0.14752395,0.111177474,355.49237,-35.31224,-25.978315,LYI
2880108747000,2.780019,-4.77872446094793,4.71125198264352,7.52236463551402,0.08582657,-0.1591304,0.095294975,355.52594,-35.330482,-25.994772,LYI
2880114180000,2.785452,-4.81944948237018,4.91676114211924,7.60367625934609,0.051923547,-0.15821409,0.0711658,355.55533,-35.34985,-25.989416,LYI
2880118813000,2.790085,-4.88040192453521,5.01834867301951,7.59554901247367,0.042455133,-0.14538592,0.062002823,355.58444,-35.369892,-25.984772,LYI
2880123646000,2.794918,-4.94398559666636,5.12432159269164,7.58707092394908,0.022296581,-0.11636983,0.039095376,355.6009,-35.397,-25.980715,LYI
2880128714000,2.799986,-4.97453416216984,5.1488850620657,7.54358602637508,0.022296581,-0.08124508,0.007941248,355.607083221526,-35.4020857464062,-25.9873367445632,LYI
2880134498000,2.80577,-4.9955099917637,5.14364080350279,7.48065809953612,-0.03023783,-0.04642576,-0.007330383,355.61414,-35.40789,-25.994894,LYI
2880139845000,2.811117,-4.95430197899922,5.0572348303453,7.41290227692158,-0.041233405,-0.004581489,-0.01863139,355.62405,-35.425034,-26.007168,LYI
2880143702000,2.814974,-4.91466927241514,4.98157235630121,7.36246067772142,-0.055588737,0.0143553335,-0.029932396,355.62396,-35.437042,-26.046032,LYI
2880148724000,2.819996,-4.83693629086123,4.84221119502334,7.33867465977948,-0.059253927,0.062308256,-0.02565634,355.61267,-35.452717,-26.105968,LYI
2880153715000,2.824987,-4.74197690117215,4.67603211433396,7.34342272841959,-0.07574729,0.09560041,-0.01863139,355.60327,-35.459824,-26.167168,LYI
2880159868000,2.83114,-4.59509434695704,4.50697739779766,7.42574926504768,-0.069027774,0.1160644,-0.0076358155,355.59082,-35.46261,-26.234163,LYI
2880163741000,2.835013,-4.49298560166159,4.41216219958706,7.50233063362501,-0.06169739,0.1142318,0.0009162979,355.57587,-35.462086,-26.301104,LYI
2880168695000,2.839967,-4.37573684611077,4.33093578110364,7.62075512364081,-0.06047566,0.09865474,0.018325957,355.56186,-35.446697,-26.355782,LYI
2880173737000,2.845009,-4.26758204474649,4.28177448442272,7.75840695968235,-0.07391469,0.04153884,0.036957346,355.55515,-35.431343,-26.39786,LYI
2880178718000,2.84999,-4.21627687415426,4.2380285064276,7.86670532286874,-0.06414085,-0.014660766,0.056199603,355.54416,-35.40385,-26.408682,LYI
2880185701000,2.856973,-4.19930931806495,4.18146980895636,7.99113406752368,-0.053145275,-0.08032878,0.06688975,355.54456,-35.375862,-26.402687,LYI
2880188678000,2.85995,-4.21003913471376,4.16385768465286,8.02331095249695,-0.051618114,-0.1441642,0.070554934,355.5502,-35.340714,-26.355629,LYI
2880193731000,2.865003,-4.28371692155907,4.15403392845108,8.01348704242793,-0.036651913,-0.20189096,0.07422013,355.56488,-35.31387,-26.294336,LYI
2880198665000,2.869937,-4.35801704943546,4.1490774207812,7.9980886060116,-0.025961773,-0.25289822,0.06841691,355.593,-35.27641,-26.214977,LYI
2880203711000,2.874983,-4.44158088306378,4.15890852343607,7.96368008034788,-0.025045475,-0.3005457,0.05131268,355.6328,-35.239784,-26.12658,LYI
2880209150000,2.880422,-4.54357677067056,4.18563255717352,7.90883155064824,-0.0009162979,-0.31703907,0.04184427,355.67548,-35.209896,-26.05067,LYI
2880213734000,2.885006,-4.6491150366618,4.2346325535331,7.83344736168971,0.029626964,-0.3222314,0.03481932,355.72742,-35.180374,-25.971048,LYI
2880219385000,2.890657,-4.78444097956773,4.29116914045242,7.72940781500137,0.059864793,-0.29046643,0.032375857,355.77975,-35.159435,-25.915245,LYI
2880223735000,2.895007,-4.93705243711878,4.29879962767653,7.54627397032695,0.084910266,-0.24831672,0.021685716,355.83313,-35.14278,-25.864777,LYI
2880228656000,2.899928,-5.10969634116677,4.30743172598223,7.33910117730562,0.10842858,-0.21624629,0.01282817,355.88217,-35.141056,-25.850037,LYI
2880233744000,2.905016,-5.14085067363918,4.29809173298969,7.2726548442268,0.12614368,-0.19639318,0.0027488936,355.92706,-35.142155,-25.844543,LYI
2880238702000,2.909974,-5.12616533320618,4.28340685257732,7.25307483329897,0.15454891,-0.18051068,-0.0030543262,355.96658,-35.150673,-25.846378,LYI
2880243722000,2.914994,-5.07504278088744,4.25655856370853,7.26582581671077,0.16401732,-0.15271631,-0.009468411,356.00903,-35.166885,-25.9105,LYI
2880248646000,2.919918,-5.01745342880114,4.22776373732953,7.28502220059027,0.16035213,-0.124311075,-0.018936822,356.05008,-35.184425,-25.979105,LYI
2880253718000,2.92499,-4.95400506895641,4.20879476116248,7.29523865747248,0.15393804,-0.10629055,-0.020463986,356.09155,-35.204933,-26.04878,LYI
2880258804000,2.930076,-4.88966212998679,4.1916367336856,7.30381771600176,0.15057829,-0.07269296,-0.020158553,356.12585,-35.223057,-26.128515,LYI
2880263747000,2.935019,-4.80464580044101,4.1821900761752,7.33010251029368,0.14294247,-0.05375614,-0.02687807,356.16776,-35.232944,-26.197527,LYI
2880268762000,2.940034,-4.70355512238148,4.17737613861882,7.36861320649494,0.13072516,-0.03634648,-0.011911872,356.19772,-35.243397,-26.268532,LYI
2880273727000,2.944999,-4.59714131921949,4.17258508367202,7.42145394208877,0.112399206,-0.022907447,-0.0106901415,356.22266,-35.246956,-26.332762,LYI
2880278914000,2.950186,-4.48162990754221,4.16756259301385,7.48674291194015,0.105374254,-0.011911872,0.004276057,356.2376,-35.2542,-26.394014,LYI
2880283784000,2.955056,-4.39509740580475,4.21159648073879,7.55961279525066,0.10903945,-0.0076358155,0.014966198,356.24677,-35.26104,-26.434204,LYI
2880288740000,2.960012,-4.3190643237467,4.2831573939314,7.64011865329815,0.1020145,-0.005192355,0.022907447,356.25125,-35.26516,-26.473478,LYI
2880293733000,2.965005,-4.24508035302271,4.35999989750507,7.70869025119949,0.09010262,-0.018936822,0.03390302,356.24878,-35.27259,-26.481197,LYI
2880298713000,2.969985,-4.17388955656253,4.44136026918648,7.76462564942958,0.08460484,-0.051923547,0.03726278,356.2499,-35.27961,-26.484987,LYI
2880303719000,2.974991,-4.14403680409432,4.51589228895997,7.80770579447999,0.067500606,-0.077579886,0.04795292,356.234,-35.295258,-26.457378,LYI
2880309634000,2.980906,-4.13885985467922,4.59872434452568,7.84912182226284,0.06688975,-0.10598512,0.060170226,356.22443,-35.313824,-26.421555,LYI
2880313844000,2.985116,-4.1371803,4.64615389459713,7.8488541846346,0.06047566,-0.13591751,0.06658431,356.21042,-35.33909,-26.357784,LYI
2880318742000,2.990014,-4.1371803,4.6901020485634,7.81955551730169,0.06688975,-0.16187929,0.06352998,356.2007,-35.36701,-26.289406,LYI
2880323715000,2.994987,-4.16476867979508,4.70426495831967,7.79255748688525,0.06658431,-0.17073683,0.062308256,356.18417,-35.403625,-26.209684,LYI
2880328708000,2.99998,-4.2186610038627,4.68956717267418,7.76806109221311,0.059253927,-0.16737708,0.062308256,356.1707,-35.438805,-26.129011,LYI
2880333801000,3.005073,-4.27242253997046,4.66403324298375,7.71644500679468,0.06994407,-0.16401732,0.06352998,356.1539,-35.483818,-26.048222,LYI
2880338898000,3.01017,-4.32529717669129,4.63038551418021,7.64434316100443,0.071776666,-0.1591304,0.061086524,356.13696,-35.523277,-25.970839,LYI
2880343695000,3.014967,-4.37709127164338,4.59166991148622,7.58434055207606,0.07696902,-0.13713925,0.05589417,356.12766,-35.56466,-25.911032,LYI
2880348728000,3.02,-4.43320311837408,4.54491007989911,7.5282285588669,0.08399397,-0.098043874,0.05009095,356.11447,-35.605335,-25.857967,LYI
2880353708000,3.02498,-4.48882251991431,4.4812068861525,7.46827063367416,0.08032878,-0.07727446,0.04062254,356.10898,-35.639675,-25.825867,LYI
2880358855000,3.030127,-4.54642315877885,4.39480585267309,7.40106982985685,0.08307768,-0.048563786,0.032070424,356.0952,-35.675404,-25.805578,LYI
2880363758000,3.03503,-4.58941559797023,4.3264164740866,7.36066374140731,0.09407325,-0.024129177,0.024740042,356.09253,-35.70545,-25.807987,LYI
2880368742000,3.040014,-4.61709630811908,4.27566855365359,7.35143693437077,0.09590584,-0.0009162979,0.018020526,356.08636,-35.731785,-25.817883,LYI
2880373653000,3.044925,-4.64762146405376,4.23163437409987,7.3391874098499,0.09560041,0.015882496,0.008857546,356.09293,-35.748158,-25.853687,LYI
2880378709000,3.049981,-4.68562439971549,4.19838193560286,7.3201859172177,0.10293079,0.02565634,-0.0015271631,356.09836,-35.764915,-25.893915,LYI
2880383748000,3.05502,-4.71600567185248,4.19130047816872,7.30288693915501,0.100792766,0.02443461,-0.010079277,356.1129,-35.765507,-25.945534,LYI
2880388787000,3.060059,-4.72964354699025,4.24244237643069,7.28924909961848,0.110872045,0.02321288,-0.0143553335,356.12717,-35.76951,-25.999523,LYI
2880394572000,3.065844,-4.74530044472234,4.30115558965663,7.27359224275823,0.09468412,0.030848695,-0.008246681,356.1508,-35.762802,-26.06352,LYI
2880398722000,3.069994,-4.74523740723277,4.33614609931726,7.26636695361639,0.09773844,0.025961773,-0.020158553,356.18268,-35.75937,-26.127703,LYI
2880403707000,3.074979,-4.73505171318541,4.37179597530403,7.2612741065927,0.09865474,0.023518313,-0.021380283,356.20853,-35.75391,-26.18993,LYI
2880408863000,3.080135,-4.72792841642314,4.40426339031225,7.25319096989592,0.09773844,0.014660766,-0.01985312,356.23837,-35.757664,-26.250694,LYI
2880413899000,3.085171,-4.72310172895316,4.43322381753403,7.24353749415532,0.09285152,0.015882496,-0.019547688,356.26724,-35.75978,-26.3126,LYI
2880418704000,3.089976,-4.7101006963756,4.4718014855417,7.25133127421668,0.09865474,0.0143553335,-0.025350908,356.29544,-35.77003,-26.368383,LYI
2880423722000,3.094994,-4.69121983679403,4.51900351127591,7.27021208451036,0.10842858,0.014049901,-0.025045475,356.32166,-35.78044,-26.422642,LYI
2880428814000,3.100086,-4.66717303958195,4.56058703311265,7.29161110290362,0.115453534,0.004581489,-0.024129177,356.34436,-35.796665,-26.473282,LYI
2880433865000,3.105137,-4.63972231403575,4.59718774572023,7.31448645273811,0.121256754,-0.0125227375,-0.025350908,356.36935,-35.81376,-26.521736,LYI
2880438765000,3.110037,-4.6029334901265,4.62508632761493,7.326257,0.13591751,-0.021380283,-0.023823744,356.3941,-35.842525,-26.559343,LYI
2880443726000,3.114998,-4.55406945145531,4.64463199410676,7.326257,0.14019357,-0.021380283,-0.02321288,356.4211,-35.868595,-26.595133,LYI
2880448726000,3.119998,-4.520178579103,4.66880443173249,7.34555889218099,0.1423316,-0.047647487,-0.018325957,356.4512,-35.903606,-26.611692,LYI
2880453717000,3.124989,-4.50120743054177,4.69726125362175,7.38350128835086,0.13805555,-0.051923547,-0.0125227375,356.47632,-35.936897,-26.63257,LYI
2880458959000,3.130231,-4.48675821557566,4.71893515150956,7.42431002965562,0.13469578,-0.0571159,-0.0021380284,356.50217,-35.97587,-26.635012,LYI
2880464843000,3.136115,-4.47635291759764,4.73454315280214,7.47113397920783,0.12217305,-0.082161374,0.0061086523,356.53204,-36.010727,-26.63181,LYI
2880468727000,3.139999,-4.47565499513991,4.73723322201767,7.48413352297496,0.12034045,-0.081855945,0.012217305,356.55026,-36.051678,-26.623371,LYI
2880473724000,3.144996,-4.48572342972859,4.72716483999579,7.46903076595834,0.10781772,-0.082161374,0.018936822,356.57153,-36.0871,-26.608309,LYI
2880478684000,3.149956,-4.49541283691707,4.71942070107317,7.45449662509268,0.095294975,-0.09621128,0.02076942,356.591,-36.119682,-26.585268,LYI
2880483736000,3.155008,-4.5048532752,4.714700408,7.4403360416,0.08582657,-0.09285152,0.028710667,356.6035,-36.150963,-26.564137,LYI
2880488823000,3.160095,-4.50878950519688,4.70424321776934,7.41839681215271,0.07941248,-0.093767814,0.028710667,356.62146,-36.178566,-26.54439,LYI
2880493740000,3.165012,-4.50408331800919,4.68541896042375,7.38545418980612,0.08368854,-0.0983493,0.027794369,356.6376,-36.20654,-26.523869,LYI
2880498647000,3.169919,-4.50603265948359,4.673482,7.34482986509887,0.07360926,-0.09285152,0.03023783,356.6549,-36.231438,-26.507624,LYI
2880503712000,3.174984,-4.52000078988289,4.673482,7.28895763520829,0.052534413,-0.082161374,0.03573562,356.67126,-36.25401,-26.491705,LYI
2880508770000,3.180042,-4.53379617285833,4.66687083254782,7.24699854682562,0.062308256,-0.06505715,0.03604105,356.68323,-36.28053,-26.482632,LYI
2880513732000,3.185004,-4.54697062448018,4.64491326032714,7.23821556379263,0.05375614,-0.047647487,0.036651913,356.6913,-36.29776,-26.475206,LYI
2880518692000,3.189964,-4.55374173263926,4.6255975,7.22386419102632,0.043066,-0.039095376,0.03023783,356.70242,-36.32094,-26.477377,LYI
2880523723000,3.194995,-4.51300105517387,4.6255975,7.16784583262869,0.040927973,-0.011911872,0.029932396,356.7043,-36.34427,-26.486107,LYI
2880528724000,3.199996,-4.4819455,4.62449473989729,7.1251445,0.03940081,0.0009162979,0.032070424,356.71964,-36.35593,-26.498478,LYI
2880533713000,3.204985,-4.4819455,4.61977632638752,7.1251445,0.04795292,0.012217305,0.033292156,356.7298,-36.368755,-26.516405,LYI
2880538767000,3.210039,-4.47946284369265,4.61850333902497,7.12845469688822,0.04062254,0.029932396,0.030848695,356.7401,-36.383728,-26.533632,LYI
2880543783000,3.215055,-4.46796422500598,4.63000187766696,7.14378613510732,0.03268129,0.031154128,0.03023783,356.75085,-36.40031,-26.549015,LYI
2880548653000,3.219925,-4.45680029498125,4.64116572997686,7.15867132333041,0.030848695,0.032986723,0.029321533,356.75757,-36.414654,-26.569126,LYI
2880553773000,3.225045,-4.44702938143675,4.64784389001907,7.1820086525747,0.030543262,0.030848695,0.035124753,356.76352,-36.427876,-26.587193,LYI
2880558797000,3.230069,-4.4382901948052,4.6522135974026,7.20822634935065,0.017104227,0.016798794,0.032986723,356.77386,-36.4356,-26.604477,LYI
2880564108000,3.23538,-4.43927580002836,4.6465064818981,7.2287340181019,0.01038471,-0.003970624,0.044898596,356.7747,-36.453022,-26.610973,LYI
2880568734000,3.240006,-4.44765126944891,4.63394316844692,7.24129733155308,0.0067195175,-0.01740966,0.034208454,356.78302,-36.463493,-26.620596,LYI
2880573770000,3.245042,-4.4608191288199,4.61609236378805,7.2534450147841,0.004886922,-0.027183503,0.025350908,356.79062,-36.47834,-26.619051,LYI
2880578748000,3.25002,-4.4801025487208,4.59198815183537,7.26308659888765,0.0076358155,-0.044898596,0.03604105,356.80063,-36.49431,-26.611387,LYI
2880584621000,3.255893,-4.48959388612144,4.57192823822801,7.27265322775713,0.0033597588,-0.063224554,0.034513887,356.82126,-36.50046,-26.607153,LYI
2880588821000,3.260093,-4.48682488157786,4.5636211956836,7.27819123684428,0.009162978,-0.06811147,0.030848695,356.8405,-36.510647,-26.600657,LYI
2880593796000,3.265068,-4.48354492976731,4.55378130600303,7.28475114046537,0.01740966,-0.08368854,0.03145956,356.87106,-36.518738,-26.591349,LYI
2880598765000,3.270037,-4.4819455,4.5415851513872,7.27562020939652,0.01863139,-0.086132,0.028710667,356.90106,-36.52509,-26.585474,LYI
2880604064000,3.275336,-4.4819455,4.52616981524909,7.24992789307412,0.022907447,-0.08277224,0.035430185,356.9302,-36.535366,-26.576004,LYI
2880608834000,3.280106,-4.47164794653174,4.52282708836707,7.24264044213009,0.014660766,-0.08552113,0.027488936,356.96405,-36.538734,-26.567793,LYI
2880613788000,3.28506,-4.45300244949892,4.52748846262527,7.24730191373551,0.02107485,-0.0852157,0.03359759,356.9911,-36.54953,-26.557404,LYI
2880618793000,3.290065,-4.43677281389917,4.53898351332954,7.24048896277414,0.014049901,-0.079107046,0.032070424,357.0229,-36.549946,-26.553759,LYI
2880623778000,3.29505,-4.4231754963733,4.55711333313396,7.22235909564227,0.013439035,-0.06688975,0.028099801,357.05188,-36.553738,-26.551134,LYI
2880628776000,3.300048,-4.406096340537,4.5734236772757,7.2113357,0.011911872,-0.0711658,0.029321533,357.07925,-36.559517,-26.541338,LYI
2880633769000,3.305041,-4.38372897109178,4.58684405223127,7.2113357,0.016798794,-0.06841691,0.030848695,357.103,-36.565834,-26.53664,LYI
2880638734000,3.310006,-4.35465133897774,4.59315521461273,7.2113357,0.0015271631,-0.05955936,0.027488936,357.12463,-36.570644,-26.53069,LYI
2880643796000,3.315068,-4.30397948615031,4.57795371167555,7.2113357,0.0061086523,-0.05497787,0.022296581,357.14627,-36.580902,-26.524815,LYI
2880648646000,3.319918,-4.25931285600473,4.5681367,7.2188001494084,0.0033597588,-0.04795292,0.02565634,357.1633,-36.592155,-26.514326,LYI
2880653778000,3.32505,-4.22054485158746,4.5681367,7.24303010156774,0.0033597588,-0.06505715,0.023823744,357.176080687888,-36.5954561297921,-26.5080403494629,LYI
2880658793000,3.330065,-4.18446135999617,4.57249961227499,7.2664911457679,-0.012217305,-0.0693332,0.019547688,357.18857,-36.598682,-26.501898,LYI
2880663878000,3.33515,-4.15182168760054,4.5864878902815,7.28980502359249,-0.009162978,-0.070249505,0.029321533,357.20264,-36.611626,-26.483307,LYI
2880668683000,3.339955,-4.12362753395353,4.59786101226994,7.31704351511616,-0.003970624,-0.07727446,0.02687807,357.22504,-36.619415,-26.453335,LYI
2880673775000,3.345047,-4.10400968598009,4.60276557668712,7.36608813504978,-0.010079277,-0.0888809,0.036651913,357.24286,-36.62847,-26.418732,LYI
2880678729000,3.350001,-4.09143096707581,4.60964597275138,7.40927556779262,-0.014966198,-0.099265605,0.03176499,357.26157,-36.637337,-26.37789,LYI
2880683912000,3.355184,-4.10117896659466,4.62426784479576,7.4385194136685,-0.016187929,-0.10262536,0.04642576,357.2737,-36.649994,-26.331451,LYI
2880688859000,3.360131,-4.10845,4.63813755605381,7.46823435426009,-0.02687807,-0.09743301,0.04795292,357.28937,-36.65399,-26.281403,LYI
2880693765000,3.365037,-4.10845,4.65158596881977,7.50409650745158,-0.021380283,-0.09743301,0.04428773,357.30392,-36.662857,-26.228893,LYI
2880698700000,3.369972,-4.11042187823326,4.66351061611728,7.53773574305724,-0.03359759,-0.09285152,0.0421497,357.31418,-36.6671,-26.177704,LYI
2880703778000,3.37505,-4.13312754188066,4.65896938855169,7.54681791368008,-0.032986723,-0.077579886,0.04337143,357.32172,-36.675404,-26.129976,LYI
2880709495000,3.380767,-4.15721558585153,4.65344642795633,7.55654117451528,-0.036651913,-0.07788532,0.037873644,357.33075,-36.676003,-26.079418,LYI
2880713775000,3.385047,-4.16437533432314,4.64628679162445,7.56012089923144,-0.029321533,-0.08368854,0.03268129,357.33698,-36.679455,-26.031658,LYI
2880718724000,3.389996,-4.17265421170306,4.63800804391266,7.56426016503057,-0.023518313,-0.059253927,0.029321533,357.34277,-36.67918,-25.995596,LYI
2880723790000,3.395062,-4.1790301349128,4.6351743,7.565677,-0.022602014,-0.06352998,0.02687807,357.35645,-36.678703,-25.953882,LYI
2880728771000,3.400043,-4.18426245223209,4.6351743,7.565677,-0.021380283,-0.062002823,0.02107485,357.36496,-36.678505,-25.920683,LYI
2880733885000,3.405157,-4.16708809096401,4.62798364150341,7.54050977034608,-0.0076358155,-0.049480084,0.026267206,357.37094,-36.67828,-25.890495,LYI
2880738750000,3.410022,-4.14698288120307,4.61994167516182,7.51236297212393,-0.0125227375,-0.049785517,0.024129177,357.38205,-36.67183,-25.861048,LYI
2880743732000,3.415004,-4.13990486801831,4.62146989293656,7.49591506043165,-0.020158553,-0.0571159,0.02107485,357.38916,-36.667183,-25.833979,LYI
2880748721000,3.419993,-4.14511286412688,4.63188599391759,7.49070711870504,-0.02321288,-0.057726767,0.027794369,357.39285,-36.663624,-25.80737,LYI
2880753858000,3.42513,-4.1499162215225,4.63201514445268,7.49222208957214,-0.014049901,-0.05681047,0.014966198,357.40417,-36.660458,-25.782164,LYI
2880758949000,3.430221,-4.15443154908316,4.62749991118726,7.49673722854232,-0.01985312,-0.05222898,0.021991149,357.4082,-36.657047,-25.753183,LYI
2880763990000,3.435262,-4.16430688003066,4.6255975,7.50926994020698,-0.022907447,-0.05222898,0.01038471,357.4197,-36.65065,-25.73096,LYI
2880768736000,3.440008,-4.17737293273285,4.6255975,7.52669107094672,-0.020463986,-0.056199603,0.017715093,357.42465,-36.648193,-25.70446,LYI
2880773719000,3.444991,-4.18726078688593,4.6255975,7.5413386196292,-0.027794369,-0.057421334,0.017715093,357.43808,-36.63779,-25.682873,LYI
2880778714000,3.449986,-4.1922712736357,4.6255975,7.55135969776893,-0.018936822,-0.06383542,0.011911872,357.4527,-36.632164,-25.659555,LYI
2880784732000,3.456004,-4.19920312192611,4.62103595425816,7.5675044667883,-0.015271631,-0.06719518,0.010995574,357.465,-36.620827,-25.63811,LYI
2880789615000,3.460887,-4.2052972153776,4.61494182898938,7.58274005040725,-0.009773844,-0.07513642,0.016187929,357.4791,-36.612278,-25.614723,LYI
2880793743000,3.465015,-4.21044905190591,4.6097899655633,7.59561993760344,-0.005497787,-0.08246681,0.013439035,357.49698,-36.601814,-25.59301,LYI
2880798716000,3.469988,-4.21830043596059,4.59968596366995,7.59947951699507,0.00061086525,-0.077579886,0.02321288,357.50928,-36.59595,-25.569395,LYI
2880803716000,3.474988,-4.22812904844007,4.58494330151888,7.58965080188834,0.003970624,-0.076052725,0.022602014,357.52643,-36.58852,-25.546534,LYI
2880808902000,3.480174,-4.24325415969694,4.58028980337499,7.56937297975007,-0.0012217305,-0.0711658,0.01740966,357.54532,-36.57704,-25.525236,LYI
2880813719000,3.484991,-4.26141069015055,4.5848289596871,7.5421380418774,0.007330383,-0.06841691,0.019547688,357.56223,-36.570816,-25.50308,LYI
2880818789000,3.490061,-4.2689174081065,4.5872903,7.52269291388834,0.009162978,-0.06566802,0.010079277,357.58542,-36.556915,-25.488771,LYI
2880823755000,3.495027,-4.2641926532883,4.5872903,7.51324360158951,0.028710667,-0.052534413,0.021685716,357.59982,-36.553043,-25.473324,LYI
2880828714000,3.499986,-4.25108029652274,4.59576926278181,7.49761769652274,0.01740966,-0.0571159,0.023823744,357.62296,-36.537193,-25.464472,LYI
2880833954000,3.505226,-4.22711085059228,4.61494481952617,7.47364825059228,0.02321288,-0.03268129,0.019547688,357.63568,-36.530994,-25.463938,LYI
2880838759000,3.510031,-4.20660508244971,4.62919245877515,7.47291482140521,0.027183503,-0.04520403,0.025961773,357.65546,-36.524757,-25.451616,LYI
2880843746000,3.515018,-4.1876736575166,4.6386581712417,7.50604498800912,0.026267206,-0.04520403,0.01863139,357.67157,-36.515976,-25.450779,LYI
2880848722000,3.519994,-4.17374935775082,4.64301246667352,7.51693865481086,0.029321533,-0.043066,0.02565634,357.68143,-36.52103,-25.439428,LYI
2880853714000,3.524986,-4.16883469064556,4.63809810746299,7.48745208902138,0.027488936,-0.040011674,0.027488936,357.69385,-36.522507,-25.430923,LYI
2880859545000,3.530817,-4.15898354051913,4.62824716463003,7.45836373419855,0.021991149,-0.035430185,0.030848695,357.70123,-36.523552,-25.415321,LYI
2880863770000,3.535042,-4.14875381356818,4.61801747328502,7.4413141892803,0.014660766,-0.03604105,0.032070424,357.70898,-36.523438,-25.399694,LYI
2880868828000,3.5401,-4.13740136805613,4.60688613842066,7.42246714996263,0.017104227,-0.02687807,0.026267206,357.7139,-36.52799,-25.389318,LYI
2880873727000,3.544999,-4.14129709613884,4.6146776352653,7.43025885020344,0.015271631,-0.02565634,0.032986723,357.7172,-36.53156,-25.374838,LYI
2880878685000,3.549957,-4.14523974154281,4.62256296724238,7.43814438802624,0.014660766,-0.021685716,0.029932396,357.71896,-36.53268,-25.366453,LYI
2880883895000,3.555167,-4.13146856758847,4.61948215896345,7.44729430910849,0.01160644,-0.011911872,0.03145956,357.71652,-36.534367,-25.35768,LYI
2880888744000,3.560016,-4.10901744440147,4.61050175657513,7.45627466461033,0.0070249503,-0.017715093,0.03023783,357.71786,-36.534546,-25.347687,LYI
2880893711000,3.564983,-4.098873,4.61164401134474,7.4603324,0.008857546,-0.020158553,0.03573562,357.71127,-36.538597,-25.33914,LYI
2880898724000,3.569996,-4.098873,4.62103437765281,7.4603324,0.0076358155,-0.02076942,0.040011674,357.7062,-36.540203,-25.330347,LYI
2880903715000,3.574987,-4.098873,4.63027287904844,7.46267005290914,0.01160644,-0.024740042,0.032375857,357.7061,-36.54152,-25.316317,LYI
2880908915000,3.580187,-4.098873,4.63978832760103,7.46742770266552,0.0009162979,-0.03390302,0.037873644,357.70306,-36.54144,-25.29805,LYI
2880913985000,3.585257,-4.098873,4.64706100061375,7.48376876247954,0.005192355,-0.039095376,0.041233405,357.7065,-36.54651,-25.280357,LYI
2880918746000,3.590018,-4.098873,4.65172508582242,7.51175278672259,0.01038471,-0.03756821,0.038789943,357.7104,-36.548954,-25.262604,LYI
2880923719000,3.594991,-4.098873,4.654328,7.53834035750321,-0.0027488936,-0.042455133,0.04917465,357.7136,-36.55213,-25.238428,LYI
2880929098000,3.60037,-4.098873,4.654328,7.56381943911366,0.01038471,-0.054061573,0.046731193,357.72137,-36.5603,-25.216475,LYI
2880933846000,3.605118,-4.10103707377287,4.65649207377287,7.56659793087424,0.011911872,-0.04886922,0.04642576,357.72284,-36.558975,-25.193462,LYI
2880938788000,3.61006,-4.10561927282409,4.66107427282409,7.54826961312809,0.006414085,-0.05009095,0.04153884,357.7295,-36.55789,-25.168465,LYI
2880943723000,3.614995,-4.11014967459449,4.66220527216145,7.53014819513391,-0.0015271631,-0.06078109,0.04642576,357.73404,-36.55737,-25.139568,LYI
2880948712000,3.619984,-4.11465534757639,4.6576994580347,7.51212522091664,0.0076358155,-0.06505715,0.043676864,357.7403,-36.557674,-25.114693,LYI
2880953644000,3.624916,-4.11919743646003,4.64964504193515,7.49278591769984,0.009773844,-0.051923547,0.051618114,357.73874,-36.559963,-25.091158,LYI
2880958915000,3.630187,-4.12434418531811,4.62905799276101,7.46705217340946,0.004276057,-0.052839845,0.03756821,357.74667,-36.558662,-25.068878,LYI
2880963674000,3.634946,-4.12500322069361,4.6173208464412,7.43905428202923,0.007941248,-0.03970624,0.036957346,357.7444,-36.56361,-25.051504,LYI
2880968782000,3.640054,-4.11565612238464,4.62199441999618,7.39699212003439,0.009773844,-0.030848695,0.03726278,357.74612,-36.56461,-25.035866,LYI
2880973681000,3.644953,-4.10509798047786,4.62760871871358,7.36389399609557,0.015882496,-0.024740042,0.03359759,357.75452,-36.564808,-25.026358,LYI
2880978726000,3.649998,-4.08750075,4.63816709375,7.36037455,0.0125227375,-0.021380283,0.034208454,357.7604,-36.563656,-25.017546,LYI
2880984745000,3.656017,-4.06650615530303,4.65076389441288,7.35617563106061,0.0143553335,-0.020158553,0.032986723,357.7621,-36.569527,-25.012154,LYI
2880988727000,3.659999,-4.060566,4.654328,7.3549876,0.011301007,-0.016798794,0.032375857,357.76233,-36.57336,-25.007849,LYI
2880993735000,3.665007,-4.060566,4.654328,7.3549876,0.007330383,-0.008857546,0.02565634,357.76312,-36.576103,-25.006296,LYI
2880998711000,3.669983,-4.05153262457133,4.65658639101997,7.35950424055153,-0.0030543262,-0.01863139,0.036651913,357.75577,-36.58564,-24.993666,LYI
2881003718000,3.67499,-4.03457980943963,4.66082468331271,7.36798055960757,0.0012217305,-0.033292156,0.032986723,357.75305,-36.594254,-24.985823,LYI
2881009030000,3.680302,-4.02081693657307,4.65957936455184,7.374141,0.01038471,-0.029932396,0.032986723,357.74606,-36.607075,-24.976563,LYI
2881013722000,3.684994,-4.01677316897048,4.64744793507019,7.374141,0.0076358155,-0.039095376,0.03634648,357.74484,-36.617622,-24.961765,LYI
2881018795000,3.690067,-4.01240980278989,4.63544648868352,7.37468539442023,-0.0036651916,-0.040011674,0.042760566,357.73642,-36.628323,-24.944983,LYI
2881023769000,3.695041,-4.00825670793374,4.63959945344377,7.38299158413252,0.014966198,-0.046731193,0.04153884,357.7322,-36.64462,-24.92614,LYI
2881030290000,3.701562,-4.003105,4.64505832556226,7.39390963187054,0.00580322,-0.038789943,0.043676864,357.7268,-36.647816,-24.908455,LYI
2881033855000,3.705127,-4.003105,4.64817973761199,7.40015226041324,-0.0009162979,-0.038179077,0.046731193,357.72433,-36.655815,-24.888216,LYI
2881038784000,3.710056,-4.003105,4.65249542905467,7.40878337292009,-0.0009162979,-0.04337143,0.038179077,357.71906,-36.66102,-24.869535,LYI
2881044654000,3.715926,-4.02515419201463,4.66535267275221,7.41979810508991,0.0027488936,-0.041233405,0.03726278,357.7097,-36.6669,-24.850906,LYI
2881048786000,3.720058,-4.04927578624403,4.67741355382505,7.42783860851366,-0.0076358155,-0.03481932,0.036957346,357.7024,-36.668015,-24.833925,LYI
2881053770000,3.725042,-4.06573300645675,4.69080922317354,7.431602,-0.0027488936,-0.028099801,0.030848695,357.70105,-36.67209,-24.817205,LYI
2881058841000,3.730113,-4.07432378997877,4.70369542088272,7.431602,-0.003970624,-0.031154128,0.03390302,357.69827,-36.673336,-24.79844,LYI
2881063701000,3.734973,-4.08486310704361,4.72721978532492,7.41617126838393,-0.0009162979,-0.029321533,0.038179077,357.7009,-36.675095,-24.786612,LYI
2881068717000,3.739989,-4.10026629088286,4.77342922961736,7.36996198492946,-0.014049901,-0.021685716,0.0290161,357.70532,-36.670853,-24.777622,LYI
2881073764000,3.745036,-4.09933067273636,4.7979803,7.35453025584649,-0.011301007,-0.01985312,0.029932396,357.70755,-36.675835,-24.766111,LYI
2881078774000,3.750046,-4.08015022370578,4.7979803,7.3737105546672,-0.02076942,-0.01985312,0.033292156,357.7101,-36.67346,-24.757315,LYI
2881083956000,3.755228,-4.0701427,4.80462412415128,7.37928878389914,-0.018020526,0.00030543262,0.03176499,357.7047,-36.678143,-24.758394,LYI
2881089038000,3.76031,-4.0701427,4.81777206587123,7.37052348941918,-0.03176499,-0.0070249503,0.022907447,357.7061,-36.675613,-24.754377,LYI
2881093664000,3.764936,-4.06542332976328,4.82317116308259,7.36220473336139,-0.029626964,-0.0067195175,0.028405234,357.69507,-36.68045,-24.749062,LYI
2881098775000,3.770047,-4.04482495121515,4.80772233884271,7.35190562474487,-0.025045475,0.004581489,0.029932396,357.68652,-36.680473,-24.747002,LYI
2881103699000,3.774971,-4.02034401906681,4.7979803,7.35197758339212,-0.02687807,0.018020526,0.021685716,357.67282,-36.686317,-24.746433,LYI
2881109712000,3.780984,-3.97972151692029,4.7979803,7.37519032056838,-0.033292156,0.016187929,0.01985312,357.6585,-36.69287,-24.743502,LYI
2881114643000,3.785915,-3.9622223602806,4.78767771422784,7.39144491915819,-0.025350908,0.008246681,0.021380283,357.64395,-36.70425,-24.740257,LYI
2881118736000,3.790008,-3.95834943839542,4.77218598624642,7.40306368481375,-0.024129177,0.007941248,0.02565634,357.62842,-36.71213,-24.738047,LYI
2881123645000,3.794917,-3.95369398050139,4.75814579644847,7.41703009038997,-0.033292156,0.010079277,0.023518313,357.61295,-36.72095,-24.727356,LYI
2881128772000,3.800044,-3.948809355193,4.75326122214485,7.43168406832471,-0.032375857,-0.0061086523,0.027183503,357.5993,-36.73351,-24.710945,LYI
2881133921000,3.805193,-3.95757714505066,4.7347541814205,7.4497023893219,-0.031154128,-0.013744468,0.02687807,357.58755,-36.739,-24.697136,LYI
2881138750000,3.810022,-3.98911695120811,4.69420295502728,7.4722308222915,-0.027794369,-0.018020526,0.02687807,357.5777,-36.745495,-24.680109,LYI
2881143721000,3.814993,-4.01655496362378,4.66261398516467,7.49680890028682,-0.028405234,-0.022907447,0.029932396,357.56702,-36.75126,-24.659697,LYI
2881148850000,3.820122,-4.03112901382653,4.65775586697656,7.52595689923845,-0.027794369,-0.035430185,0.032375857,357.55908,-36.757725,-24.637196,LYI
2881153719000,3.824991,-4.04796518385987,4.64871130857053,7.54277915208008,-0.042455133,-0.04520403,0.03756821,357.56088,-36.748726,-24.62049,LYI
2881158892000,3.830164,-4.07508322458555,4.62546719275884,7.52728312880826,-0.03940081,-0.04153884,0.032375857,357.5642,-36.743027,-24.605825,LYI
2881165746000,3.837018,-4.11335139914367,4.59642142375832,7.50643406711703,-0.03726278,-0.054061573,0.037873644,357.57193,-36.73321,-24.583746,LYI
2881168687000,3.839959,-4.14282995718364,4.59374158791627,7.49571455585157,-0.04184427,-0.05131268,0.035430185,357.5786,-36.720707,-24.568575,LYI
2881173727000,3.844999,-4.1933474452902,4.58914914567079,7.47734449914367,-0.03573562,-0.053145275,0.03268129,357.59628,-36.703506,-24.558495,LYI
2881178714000,3.849986,-4.21615936449694,4.59438324536316,7.46518041913379,-0.03573562,-0.04153884,0.036651913,357.60916,-36.684704,-24.551336,LYI
2881184061000,3.855333,-4.22044923791572,4.60725259685851,7.45660094105722,-0.048563786,-0.054367006,0.03145956,357.6299,-36.662827,-24.54097,LYI
2881188689000,3.859961,-4.22061806422733,4.61693867859089,7.44891964281822,-0.032070424,-0.038179077,0.035124753,357.64893,-36.65023,-24.547743,LYI
2881193704000,3.864976,-4.20659675671468,4.62161244776178,7.43957210447645,-0.025961773,-0.028710667,0.030848695,357.67462,-36.630367,-24.55282,LYI
2881198693000,3.869965,-4.19046057061945,4.6276880037759,7.43438931411368,-0.0290161,-0.03268129,0.028099801,357.6944,-36.619637,-24.55836,LYI
2881203711000,3.874983,-4.1610350370548,4.64240069374426,7.45400606337381,-0.024129177,-0.03268129,0.03268129,357.71048,-36.61281,-24.566135,LYI
2881208814000,3.880086,-4.13346654433308,4.65618491176471,7.469909,-0.021991149,-0.028710667,0.03023783,357.7298,-36.603897,-24.57286,LYI
2881213745000,3.885017,-4.11577327941176,4.66503170588235,7.469909,-0.015577064,-0.03604105,0.035124753,357.74838,-36.598972,-24.574915,LYI
2881218763000,3.890035,-4.09798571107992,4.67407352491728,7.47168359019352,-0.0106901415,-0.032986723,0.026267206,357.7593,-36.59396,-24.57629,LYI
2881223726000,3.894998,-4.0836882600722,4.6836051423343,7.50027869126642,-0.013133603,-0.034513887,0.02565634,357.76947,-36.590553,-24.57275,LYI
2881228764000,3.900036,-4.06844629413057,4.6926355,7.52821820441086,-0.01282817,-0.030543262,0.026572637,357.7809,-36.591434,-24.567276,LYI
2881233762000,3.905034,-4.04321225682278,4.6926355,7.54083524502241,-0.0106901415,-0.04153884,0.034208454,357.79416,-36.59287,-24.557308,LYI
2881238728000,3.91,-4.01813978197874,4.6926355,7.55337150426149,-0.006414085,-0.042455133,0.04062254,357.8025,-36.595886,-24.545155,LYI
2881243740000,3.915012,-4.00897583864934,4.69634158395353,7.56351256790707,-0.020463986,-0.040927973,0.0421497,357.81177,-36.59508,-24.53101,LYI
2881248653000,3.919925,-4.00434384406379,4.70097348180744,7.57277636361489,-0.024129177,-0.03848451,0.04062254,357.82004,-36.59806,-24.51663,LYI
2881254176000,3.925448,-3.99939613825911,4.70963021712367,7.57896293919764,-0.029626964,-0.04153884,0.040927973,357.8273,-36.59759,-24.494268,LYI
2881258791000,3.930063,-3.99532951983806,4.71776366628634,7.58302964254693,-0.040317107,-0.033292156,0.042455133,357.83157,-36.594757,-24.475407,LYI
2881263933000,3.935205,-4.00451689125926,4.71861881981481,7.5710952432963,-0.04062254,-0.03634648,0.038179077,357.84097,-36.588295,-24.453249,LYI
2881268745000,3.940017,-4.02158487703704,4.71435173425926,7.54976035018518,-0.041233405,-0.03634648,0.034513887,357.84732,-36.579536,-24.433573,LYI
2881273728000,3.945,-4.04018647598167,4.71805219513592,7.53903468084575,-0.034208454,-0.025045475,0.03390302,357.85388,-36.573097,-24.414011,LYI
2881278717000,3.949989,-4.06009212350797,4.73298152171649,7.54401100179148,-0.030848695,-0.029321533,0.034513887,357.86395,-36.56535,-24.391998,LYI
2881283804000,3.955076,-4.05609079279116,4.73817751138939,7.53012967972574,-0.028710667,-0.019547688,0.032070424,357.8736,-36.55596,-24.38209,LYI
2881288820000,3.960092,-4.02864360955147,4.7336029728883,7.49810791021807,-0.03268129,-0.022602014,0.03176499,357.88583,-36.546387,-24.368284,LYI
2881293786000,3.965058,-3.99653647849429,4.72690629854983,7.46737681672323,-0.03145956,-0.01282817,0.030543262,357.89743,-36.539722,-24.362167,LYI
2881298749000,3.970021,-3.95742948814152,4.71712949991772,7.43804647187082,-0.028099801,-0.016798794,0.03176499,357.91165,-36.53297,-24.352257,LYI
2881303713000,3.974985,-3.92385562165833,4.71585968069993,7.44237829723611,-0.024740042,-0.0030543262,0.027183503,357.91696,-36.527126,-24.34746,LYI
2881308757000,3.980029,-3.89651553344024,4.72497309101971,7.48794511093293,-0.026267206,-0.0036651916,0.02565634,357.9248,-36.52151,-24.33812,LYI
2881313765000,3.985037,-3.8663776949363,4.7344367300182,7.52827512653892,-0.027183503,-0.0036651916,0.027794369,357.92664,-36.521217,-24.327085,LYI
2881318796000,3.990068,-3.83027169283803,4.74475273061771,7.5592232360561,-0.032986723,-0.015271631,0.020158553,357.93356,-36.51767,-24.315742,LYI
2881323769000,3.995041,-3.80746852664617,4.74804598473227,7.57115336946455,-0.017715093,-0.01740966,0.018325957,357.93423,-36.520664,-24.295536,LYI
2881328733000,4.000005,-3.79886871991679,4.74374612626628,7.56255365253256,-0.02107485,-0.018936822,0.023518313,357.93713,-36.5175,-24.273506,LYI
2881333824000,4.005096,-3.79382923140603,4.74334708899816,7.55892800376094,-0.025350908,-0.021685716,0.023518313,357.93735,-36.51292,-24.244411,LYI
2881338783000,4.010055,-3.7989618741165,4.75361210645196,7.56919307480817,-0.02076942,-0.032375857,0.016798794,357.93967,-36.509464,-24.214128,LYI
2881343691000,4.014963,-3.80766230850194,4.75400311123293,7.5733639910296,-0.020463986,-0.030848695,0.01985312,357.93546,-36.50864,-24.183678,LYI
2881348787000,4.020059,-3.82225516391907,4.73941030660819,7.56849960430579,-0.015271631,-0.02321288,0.01985312,357.93433,-36.508644,-24.154696,LYI
2881353644000,4.024916,-3.83608031889292,4.72737100209049,7.56210535803317,-0.023518313,-0.022907447,0.016798794,357.92987,-36.5037,-24.12593,LYI
2881358819000,4.030091,-3.85067250850918,4.71764282488959,7.55237733320247,-0.0290161,-0.023518313,0.016493361,357.92337,-36.50105,-24.098635,LYI
2881363692000,4.034964,-3.86103911519488,4.70861718617021,7.53859402402561,-0.032070424,-0.027794369,0.008552114,357.92792,-36.491005,-24.076145,LYI
2881368718000,4.03999,-3.86557055906609,4.69955434574468,7.51593680466955,-0.020463986,-0.010995574,0.012217305,357.92535,-36.48503,-24.05645,LYI
2881373653000,4.044925,-3.87098852605699,4.69067698416837,7.50255667256472,-0.03390302,-0.0033597588,0.010995574,357.93463,-36.471416,-24.039438,LYI
2881378712000,4.049984,-3.88001237243435,4.68165318490408,7.52060445954554,-0.03359759,-0.005192355,0.00580322,357.94226,-36.46407,-24.024426,LYI
2881384024000,4.055296,-3.8881836,4.67405412877574,7.53637485330173,-0.03726278,0.00030543262,0.004276057,357.95236,-36.451515,-24.014658,LYI
2881388747000,4.060019,-3.8881836,4.67775065983982,7.53267820644001,-0.03145956,0.00580322,0.00030543262,357.96436,-36.44047,-24.00618,LYI
2881393765000,4.065037,-3.8881836,4.68167807734554,7.52875066590389,-0.036957346,0.009162978,-0.0036651916,357.97604,-36.42231,-24.000376,LYI
2881398725000,4.069997,-3.87611679424404,4.69814220719495,7.51530325724423,-0.033292156,0.011911872,0.0021380284,357.9851,-36.40897,-23.994692,LYI
2881403786000,4.075058,-3.85700850139957,4.72202757325054,7.49619506416322,-0.038789943,0.014966198,-0.004581489,357.99713,-36.389942,-23.992977,LYI
2881408812000,4.080084,-3.85267182398809,4.73653354797618,7.47508588005955,-0.036651913,0.016493361,-0.0036651916,358.00983,-36.37381,-23.98858,LYI
2881413819000,4.085091,-3.85713363078068,4.74545716156137,7.45277684609658,-0.035430185,0.020463986,-0.008552114,358.02408,-36.35467,-23.987799,LYI
2881418711000,4.089983,-3.85479899719745,4.74078787009554,7.4365247,-0.03940081,0.018936822,-0.0067195175,358.03513,-36.346497,-23.980026,LYI
2881423703000,4.094975,-3.84464880917197,4.72048744105096,7.4263743,-0.03268129,0.022296581,-0.005192355,358.04535,-36.34056,-23.975313,LYI
2881428686000,4.099958,-3.83508489213096,4.70396696542217,7.42984711625503,-0.04062254,0.0290161,-0.010079277,358.0501,-36.33171,-23.975264,LYI
2881433837000,4.105109,-3.82564011005169,4.68979984161401,7.4440143879954,-0.030848695,0.02107485,-0.009162978,358.05533,-36.329933,-23.971447,LYI
2881439874000,4.111146,-3.81758535668222,4.6794980938621,7.4649982476309,-0.02687807,0.013133603,-0.011301007,358.0686,-36.324642,-23.968567,LYI
2881443719000,4.114991,-3.81376754475894,4.67568032180404,7.48026957505443,-0.023518313,0.007941248,-0.01282817,358.08228,-36.321827,-23.964424,LYI
2881448689000,4.119961,-3.81671616973479,4.66318792617005,7.49163643112324,-0.029321533,0.00580322,-0.019547688,358.0956,-36.31269,-23.959608,LYI
2881453723000,4.124995,-3.8261174199688,4.64438518028471,7.49633695807332,-0.028405234,-0.006414085,-0.015577064,358.10956,-36.307453,-23.94996,LYI
2881458845000,4.130117,-3.83542968023686,4.63046741976314,7.50334643108808,-0.018325957,0.004276057,-0.013744468,358.12567,-36.295742,-23.944334,LYI
2881463728000,4.135,-3.84408318031088,4.62181391968912,7.51199984080311,-0.021991149,0.0009162979,-0.01038471,358.14526,-36.281925,-23.93227,LYI
2881468724000,4.139996,-3.85505512881745,4.61774694293915,7.52297176486797,-0.028405234,-0.002443461,-0.011911872,358.1665,-36.268265,-23.925463,LYI
2881473876000,4.145148,-3.87050435340779,4.62289668446926,7.53842109700449,-0.030848695,-0.005497787,-0.016187929,358.18774,-36.254948,-23.918127,LYI
2881478682000,4.149954,-3.88614146848649,4.6255975,7.55029089490511,-0.028710667,0.005192355,-0.018020526,358.20642,-36.234497,-23.91584,LYI
2881483807000,4.155079,-3.90449468901561,4.6255975,7.55946740934842,-0.035430185,0.0076358155,-0.015271631,358.2268,-36.211758,-23.9112,LYI
2881488710000,4.159982,-3.91964018686769,4.62696059343384,7.56704012190042,-0.026572637,0.007941248,-0.016798794,358.24747,-36.194157,-23.910936,LYI
2881493747000,4.165019,-3.92920938774053,4.63174519387026,7.57182482225749,-0.032070424,0.027488936,-0.015271631,358.26196,-36.172585,-23.914415,LYI
2881498646000,4.169918,-3.93861364417861,4.63899340614623,7.575254,-0.03726278,0.028710667,-0.025045475,358.28732,-36.153866,-23.918379,LYI
2881503708000,4.17498,-3.94861215126328,4.65399132337836,7.575254,-0.04550946,0.03359759,-0.015271631,358.30267,-36.136337,-23.923475,LYI
2881509564000,4.180836,-3.96602307297783,4.65670369495207,7.58785626033553,-0.035124753,0.040317107,-0.015271631,358.31766,-36.11912,-23.935125,LYI
2881513752000,4.185024,-3.98404627777112,4.64468813099161,7.60888345805872,-0.032375857,0.040317107,-0.015577064,358.3306,-36.099716,-23.944448,LYI
2881518662000,4.189934,-4.00517663487118,4.63060111593769,7.63353568843619,-0.03145956,0.033292156,-0.01863139,358.3463,-36.086285,-23.954193,LYI
2881523789000,4.195061,-4.02191842907916,4.63483396122779,7.642292,-0.03726278,0.03848451,-0.018020526,358.35864,-36.072483,-23.96583,LYI
2881528779000,4.200051,-4.03554236673952,4.64845794630809,7.642292,-0.028710667,0.03390302,-0.0027488936,358.3714,-36.06427,-23.97151,LYI
2881533785000,4.205057,-4.0620451619802,4.64916977584158,7.63455470415842,-0.035430185,0.03176499,-0.009468411,358.38834,-36.04131,-23.987902,LYI
2881538721000,4.209993,-4.09770458534653,4.6402548618199,7.62118240294201,-0.03145956,0.032070424,-0.0021380284,358.39853,-36.027653,-23.998205,LYI
2881543707000,4.214979,-4.12639102505024,4.63308322419614,7.61565267580386,-0.038789943,0.019547688,0.0030543262,358.4102,-36.010044,-24.009417,LYI
2881548729000,4.220001,-4.14572173853497,4.62825055844051,7.62048534155949,-0.026267206,0.01985312,0.0015271631,358.41898,-35.998745,-24.023125,LYI
2881553717000,4.224989,-4.16447733069081,4.61745425434016,7.61703088072415,-0.033292156,0.016187929,0.0076358155,358.42682,-35.982307,-24.040527,LYI
2881558929000,4.230201,-4.18350155281563,4.59843023086232,7.60276266446879,-0.03145956,0.013133603,0.008246681,358.43616,-35.97039,-24.059029,LYI
2881563721000,4.234993,-4.19798633263749,4.58561791621839,7.58771806487354,-0.026267206,0.005192355,0.0125227375,358.443,-35.955143,-24.078335,LYI
2881568728000,4.24,-4.20761108914091,4.58080548771578,7.56846835086311,-0.023518313,0.00580322,0.009773844,358.4503,-35.93919,-24.099579,LYI
2881573695000,4.244967,-4.22056651010101,4.57940636868687,7.5527146979798,-0.01985312,0.0018325958,0.012217305,358.4566,-35.926735,-24.122257,LYI
2881579241000,4.250513,-4.2420263929697,4.58477131139394,7.54198492460606,-0.02321288,-0.0036651916,0.018020526,358.463,-35.913544,-24.144108,LYI
2881584293000,4.255565,-4.24360080208877,4.59069095691906,7.52844540208877,-0.020463986,-0.0036651916,0.014966198,358.462957470273,-35.9074122765443,-24.1597578764601,LYI
2881588744000,4.260016,-4.22814303562518,4.59687409578619,7.51298763562518,-0.022296581,0.004276057,0.015882496,358.46292,-35.90201,-24.173546,LYI
2881593709000,4.264981,-4.21090021143023,4.60377126147374,7.49574481143023,-0.02076942,0.007941248,0.0106901415,358.46436,-35.890316,-24.199781,LYI
2881598723000,4.269995,-4.18952935046163,4.60056839859029,7.489063,-0.014049901,0.005497787,0.009773844,358.46902,-35.883064,-24.228645,LYI
2881603719000,4.274991,-4.16577967683908,4.59106855890003,7.489063,-0.008857546,0.011301007,0.0067195175,358.4733,-35.87476,-24.260841,LYI
2881608822000,4.280094,-4.13572329716823,4.58140153654662,7.489063,-0.008246681,0.009468411,0.005192355,358.47128,-35.86681,-24.288322,LYI
2881613710000,4.284982,-4.10339174535767,4.57216396409472,7.489063,-0.0076358155,0.013133603,0.015271631,358.4653,-35.861313,-24.316065,LYI
2881618739000,4.290011,-4.07653371909317,4.57579423788283,7.50693059727766,0.0009162979,0.015577064,0.007941248,358.46457,-35.85351,-24.34188,LYI
2881623749000,4.295021,-4.05447004402649,4.58903242449186,7.53781971472455,0.0030543262,0.008857546,0.005192355,358.4618,-35.84637,-24.36327,LYI
2881628720000,4.299992,-4.03047527458013,4.60415843598064,7.56156896270993,0.0009162979,0.0106901415,0.017104227,358.44565,-35.842415,-24.38082,LYI
2881633741000,4.305013,-4.00309974779391,4.62240883481355,7.57525672610305,0.008552114,0.00580322,0.015577064,358.43655,-35.838947,-24.39795,LYI
2881638733000,4.310005,-3.9839516,4.64399979724248,7.58609157779754,-0.00030543262,0.0018325958,0.013439035,358.4289,-35.83701,-24.403341,LYI
2881643811000,4.315083,-3.9839516,4.6742807938623,7.59041740864615,0.0033597588,0.0030543262,0.011911872,358.42166,-35.839634,-24.40883,LYI
2881648940000,4.320212,-3.98428931899517,4.7022123,7.59204356703384,-0.004886922,0.0033597588,0.013744468,358.4128,-35.842922,-24.404596,LYI
2881653741000,4.325013,-3.98793288954751,4.7022123,7.56653857316745,-0.008246681,-0.0021380284,0.008246681,358.40723,-35.84667,-24.401033,LYI
2881658815000,4.330087,-3.99178364501149,4.7022123,7.53958328491957,-0.008246681,-0.0030543262,0.008552114,358.39755,-35.85046,-24.39524,LYI
2881663775000,4.335047,-3.9935284,4.70712203853193,7.51264081003757,-0.008857546,-0.0012217305,0.010079277,358.38968,-35.8524,-24.389711,LYI
2881668741000,4.340013,-3.9935284,4.71628466970427,7.48515296435796,-0.011301007,-0.002443461,0.015271631,358.3818,-35.85424,-24.38267,LYI
2881673786000,4.345058,-3.98681056509492,4.72584453322107,7.45871260849153,-0.018325957,0.0033597588,0.0143553335,358.3746,-35.85168,-24.382065,LYI
2881678776000,4.350048,-3.97217852835273,4.73559917345377,7.43432588058787,-0.021685716,0.0012217305,0.0143553335,358.368,-35.850155,-24.378344,LYI
2881683896000,4.355168,-3.96247388939027,4.7405195,7.426673318292,-0.020463986,0.0018325958,0.011301007,358.3591,-35.84963,-24.378937,LYI
2881688799000,4.360071,-3.95809620428864,4.7405195,7.43542887134067,-0.023518313,-0.0036651916,0.013439035,358.35092,-35.84784,-24.376715,LYI
2881693756000,4.365028,-3.95871813117511,4.73527408498003,7.43593356672272,-0.015577064,0.009162978,0.009162978,358.33875,-35.853203,-24.378483,LYI
2881698780000,4.370052,-3.96883245600168,4.72010254493378,7.42076197387009,-0.02443461,0.014660766,0.007330383,358.3284,-35.85403,-24.376612,LYI
2881703723000,4.374995,-3.9743748,4.70800392826205,7.40109312550081,-0.030543262,0.0143553335,0.0033597588,358.3257,-35.852047,-24.374609,LYI
2881708931000,4.380203,-3.9743748,4.69900271656741,7.37408934943151,-0.037873644,0.01863139,0.0036651916,358.3206,-35.84781,-24.374357,LYI
2881713682000,4.384954,-3.97010911617616,4.69050266922354,7.3549876,-0.029321533,0.011911872,-0.0009162979,358.31982,-35.840096,-24.37778,LYI
2881718801000,4.390073,-3.94964422817783,4.68027027864746,7.3549876,-0.03268129,0.010995574,-0.0027488936,358.31647,-35.828247,-24.382687,LYI
2881723652000,4.394924,-3.93050169466747,4.673482,7.35777052360695,-0.032070424,0.016187929,-0.007330383,358.3156,-35.819305,-24.391167,LYI
2881728812000,4.400084,-3.91076281390054,4.673482,7.36763986093469,-0.03848451,0.014660766,-0.00580322,358.31537,-35.808647,-24.397007,LYI
2881733945000,4.405217,-3.89484754765831,4.67785126330468,7.38142313085424,-0.03023783,0.013439035,-0.0070249503,358.32062,-35.80023,-24.40073,LYI
2881738726000,4.409998,-3.88681620564813,4.6898982343887,7.40150148587967,-0.034513887,0.0143553335,-0.007330383,358.3251,-35.78779,-24.404066,LYI
2881743911000,4.415183,-3.88006241889218,4.70163005244313,7.4214427585229,-0.034208454,-0.011301007,-0.0030543262,358.33365,-35.776405,-24.396467,LYI
2881748723000,4.419995,-3.90356724476181,4.69222812209528,7.41204092634908,-0.038179077,-0.004276057,-0.00580322,358.33707,-35.762207,-24.397593,LYI
2881753842000,4.425114,-3.92862476631447,4.6830587,7.40628594610315,-0.04886922,-0.0061086523,0.003970624,358.33932,-35.75175,-24.38415,LYI
2881758839000,4.430111,-3.95365629136939,4.6830587,7.44633638619102,-0.04550946,-0.007941248,-0.0021380284,358.34448,-35.74132,-24.37585,LYI
2881764599000,4.435871,-3.98347223982619,4.67915975650539,7.47428749009777,-0.055588737,-0.013744468,0.0027488936,358.3524,-35.725784,-24.367622,LYI
2881768751000,4.440023,-4.00673121159856,4.66919152165956,7.46099671847581,-0.05009095,-0.01863139,0.00580322,358.36215,-35.71407,-24.360783,LYI
2881773699000,4.444971,-4.034449273335,4.65731222830283,7.44515790874906,-0.061391957,-0.0076358155,0.003970624,358.36908,-35.695374,-24.358604,LYI
2881778717000,4.449989,-4.0414124,4.6510890486472,7.44765669978499,-0.064751714,-0.008552114,0.00580322,358.37753,-35.68122,-24.351645,LYI
2881783685000,4.454957,-4.0414124,4.64682650286687,7.45618152429672,-0.049785517,-0.0027488936,0.0076358155,358.3827,-35.668884,-24.34899,LYI
2881788754000,4.460026,-4.04894011356535,4.64224177961242,7.46284159418628,-0.063224554,-0.0036651916,0.00061086525,358.3912,-35.647263,-24.355253,LYI
2881793777000,4.465049,-4.06320868157999,4.63748562338343,7.46759770075143,-0.062308256,-0.0015271631,0.01038471,358.39343,-35.635788,-24.359915,LYI
2881798811000,4.470083,-4.07259603357044,4.62536094010077,7.4797223855167,-0.063224554,-0.0036651916,0.010079277,358.40427,-35.61824,-24.365114,LYI
2881803711000,4.474983,-4.07723210549299,4.60681660400119,7.49826677002569,-0.064446285,-0.010079277,0.008552114,358.41336,-35.60236,-24.368183,LYI
2881808755000,4.480027,-4.08433215481651,4.59225434518349,7.51282907889908,-0.06658431,-0.0012217305,0.011911872,358.4171,-35.580868,-24.377346,LYI
2881813732000,4.485004,-4.09383823474272,4.58274826525728,7.52233520845632,-0.06811147,-0.0061086523,0.011911872,358.42596,-35.558983,-24.382801,LYI
2881818689000,4.489961,-4.098873,4.5777135,7.5384033330686,-0.0693332,0.0070249503,0.016187929,358.4271,-35.529663,-24.39451,LYI
2881823707000,4.494979,-4.098873,4.5777135,7.56225738965551,-0.06627888,-0.0018325958,0.012217305,358.43552,-35.500546,-24.401552,LYI
2881828717000,4.499989,-4.098873,4.5777135,7.58160950160365,-0.05681047,-0.004276057,0.014049901,358.44012,-35.473785,-24.412064,LYI
2881833662000,4.504934,-4.098873,4.5777135,7.59541791787346,-0.05955936,-0.0070249503,0.01863139,358.44675,-35.44527,-24.420513,LYI
2881838676000,4.509948,-4.09361590890456,4.57596113020216,7.603985,-0.06047566,-0.0033597588,0.015882496,358.45367,-35.42198,-24.42843,LYI
2881843711000,4.514983,-4.08001392860367,4.57142712098731,7.603985,-0.058948494,0.0009162979,0.0125227375,358.45996,-35.39968,-24.43501,LYI
2881848673000,4.519945,-4.06391931554054,4.5681367,7.60647433298887,-0.04550946,-0.011911872,0.011911872,358.47037,-35.382175,-24.436747,LYI
2881853712000,4.524984,-4.03994405996622,4.5681367,7.61606435510731,-0.035430185,-0.020463986,0.01282817,358.47937,-35.364376,-24.44056,LYI
2881858839000,4.530111,-4.02493536848365,4.57348985094153,7.6284915369673,-0.03970624,-0.028405234,0.013439035,358.4895,-35.342537,-24.44,LYI
2881863726000,4.534998,-4.03421224095144,4.5920436443112,7.64704528190287,-0.034513887,-0.02443461,0.015882496,358.49805,-35.326267,-24.439701,LYI
2881868677000,4.539949,-4.0414124,4.61199507338072,7.66477624402843,-0.034208454,-0.022602014,0.015271631,358.50793,-35.313847,-24.43139,LYI
2881873717000,4.544989,-4.0414124,4.63615518550405,7.67927231130243,-0.027488936,-0.025045475,0.015271631,358.5169,-35.304867,-24.422653,LYI
2881878702000,4.549974,-4.04364945354593,4.65544655013206,7.68793894645407,-0.019242255,-0.02565634,0.016798794,358.5234,-35.2975,-24.41441,LYI
2881884031000,4.555303,-4.05363375701849,4.66043880612345,7.67795464298151,-0.018936822,-0.027488936,0.010995574,358.53223,-35.288918,-24.406885,LYI
2881888792000,4.560064,-4.06243056220754,4.6676341536196,7.6710224,-0.014966198,-0.02687807,0.015882496,358.53687,-35.288868,-24.394978,LYI
2881893715000,4.564987,-4.07108206055601,4.68493728582439,7.6710224,-0.015882496,-0.02443461,0.0076358155,358.54587,-35.284973,-24.386784,LYI
2881898970000,4.570242,-4.07867964796679,4.70186568386204,7.6713690088993,-0.0125227375,-0.018325957,0.01282817,358.54926,-35.28644,-24.378843,LYI
2881904312000,4.575584,-4.06234173749202,4.69641973265914,7.67681484637002,-0.015271631,-0.018020526,0.00580322,358.55814,-35.283184,-24.374063,LYI
2881908989000,4.580261,-4.04834704812274,4.6926355,7.67883770487898,-0.017715093,-0.016798794,0.004581489,358.55963,-35.283577,-24.370533,LYI
2881913736000,4.585008,-4.03535083510578,4.6926355,7.67017359302459,-0.0030543262,-0.010079277,0.009468411,358.56012,-35.287334,-24.36853,LYI
2881918787000,4.590059,-4.02122034017938,4.69237588504484,7.66222444486547,-0.004276057,-0.011911872,0.010079277,358.56555,-35.28523,-24.362444,LYI
2881923725000,4.594997,-4.00215746064698,4.68761016516175,7.67652160451476,-0.004886922,-0.008246681,0.020463986,358.5649,-35.28888,-24.35654,LYI
2881928828000,4.6001,-3.9825378210185,4.68164490256533,7.69088288949075,0.0021380284,-0.0030543262,0.014660766,358.56516,-35.29471,-24.351597,LYI
2881934008000,4.60528,-3.96361437108526,4.66272120563609,7.70034461445737,0.00030543262,0.002443461,0.013744468,358.56097,-35.30014,-24.344938,LYI
2881939488000,4.61076,-3.94301232827748,4.64264535361552,7.70827677131099,0.004581489,0.013744468,0.015882496,358.5553,-35.308895,-24.336468,LYI
2881943708000,4.61498,-3.92321314348423,4.62680608847737,7.70035709739369,0.00061086525,0.013133603,0.01282817,358.5525,-35.314003,-24.327887,LYI
2881948708000,4.61998,-3.89975439372918,4.60803918665491,7.69097359749167,-0.012217305,0.00580322,0.0125227375,358.54816,-35.31614,-24.316147,LYI
2881953719000,4.624991,-3.88998708941593,4.59478399353982,7.66685598707965,0.0015271631,0.016187929,0.013439035,358.54092,-35.323406,-24.308708,LYI
2881958973000,4.630245,-3.88108151292035,4.58142558230088,7.64013916460177,0.004886922,0.018936822,0.018020526,358.53592,-35.325314,-24.29756,LYI
2881963800000,4.635072,-3.88536181950351,4.56420346099298,7.62596005103174,0.010995574,0.02443461,0.017715093,358.53223,-35.32966,-24.286448,LYI
2881968741000,4.640013,-3.89527466517231,4.54437776965539,7.6160473088719,-0.0009162979,0.01863139,0.020463986,358.5285,-35.331177,-24.272305,LYI
2881974033000,4.645305,-3.8977604,4.55501493391978,7.60185496157635,-0.0070249503,0.01985312,0.020158553,358.52008,-35.339417,-24.262844,LYI
2881978705000,4.649977,-3.8977604,4.573007417925,7.58836041069669,-0.0061086523,0.020158553,0.021380283,358.51215,-35.34668,-24.251324,LYI
2881984844000,4.656116,-3.89324692107735,4.5777135,7.57129036323205,-0.0036651916,0.01160644,0.01740966,358.5093,-35.348213,-24.243032,LYI
2881988733000,4.660005,-3.88967707777245,4.5777135,7.56058083331736,-0.0021380284,0.014049901,0.016187929,358.5034,-35.35008,-24.236635,LYI
2881993711000,4.664983,-3.88492223243902,4.58423620106707,7.53653219463415,0.0061086523,0.015271631,0.015882496,358.49887,-35.36062,-24.22816,LYI
2881998743000,4.670015,-3.88002482821138,4.59403095838415,7.50714776926829,0.004276057,0.0067195175,0.02107485,358.49496,-35.369213,-24.21745,LYI
2882003710000,4.674982,-3.90424475824197,4.596867,7.489025298732,0.0021380284,0.011911872,0.020463986,358.49353,-35.374428,-24.211044,LYI
2882009004000,4.680276,-3.94291351919153,4.596867,7.47452441243207,0.003970624,0.008246681,0.015882496,358.4953,-35.37997,-24.200804,LYI
2882013702000,4.684974,-3.95248406298615,4.60234130260861,7.46717192014798,0.003970624,0.005497787,0.015271631,358.49164,-35.387352,-24.192635,LYI
2882018767000,4.690039,-3.94788280212483,4.61154387237716,7.46257075537849,0.004276057,0.015577064,0.02107485,358.48575,-35.39521,-24.186327,LYI
2882023727000,4.694999,-3.9456444,4.62550631714286,7.46744664380952,0.0067195175,0.017715093,0.013439035,358.48346,-35.403522,-24.189579,LYI
2882028707000,4.699979,-3.9456444,4.6444319475,7.48164092833333,0.01282817,0.009773844,0.015271631,358.47772,-35.414593,-24.189987,LYI
2882033883000,4.705155,-3.9407037662421,4.64197641560525,7.489063,0.004886922,0.016187929,0.01863139,358.4667,-35.420662,-24.194956,LYI
2882038719000,4.709991,-3.93141414538161,4.61875236345402,7.489063,0.0076358155,0.0076358155,0.022602014,358.45996,-35.43081,-24.194347,LYI
2882043733000,4.715005,-3.93559935133877,4.60416681461001,7.50272577945285,0.0067195175,-0.0027488936,0.0125227375,358.45917,-35.440388,-24.192883,LYI
2882048784000,4.720056,-3.9543701766395,4.59947401028327,7.53088191940241,0.0033597588,-0.00030543262,0.008552114,358.4553,-35.450874,-24.190622,LYI
2882053744000,4.725016,-3.96670415664387,4.59877319645167,7.55033587347995,-0.0027488936,-0.0030543262,0.0067195175,358.45856,-35.454544,-24.18594,LYI
2882058926000,4.730198,-3.97128990582148,4.60335904139715,7.55950727606727,-0.003970624,-0.01038471,0.0106901415,358.46182,-35.458515,-24.180561,LYI
2882063673000,4.734945,-3.97948053715252,4.606444,7.55674198663989,-0.0076358155,-0.009773844,0.0067195175,358.4681,-35.454754,-24.180433,LYI
2882068699000,4.739971,-3.9998306045027,4.606444,7.52112947502378,-0.011911872,-0.009162978,0.009162978,358.4733,-35.45189,-24.176905,LYI
2882073673000,4.744945,-4.01435740480124,4.60811938730683,7.49193798079502,-0.005192355,-0.0061086523,0.006414085,358.48166,-35.4505,-24.17525,LYI
2882078789000,4.750061,-4.01911927755856,4.61288121034114,7.47289048976577,-0.016798794,0.0021380284,0.0125227375,358.48602,-35.44503,-24.172935,LYI
2882083728000,4.755,-4.03065199617573,4.62021729078444,7.46452903460498,-0.019547688,-0.0030543262,0.0125227375,358.5005,-35.438457,-24.175573,LYI
2882088767000,4.760039,-4.05765922192893,4.63372088016043,7.47803276498461,-0.024129177,-0.006414085,0.0125227375,358.51135,-35.42945,-24.179289,LYI
2882093735000,4.765007,-4.07886313627204,4.64646376322418,7.48649389093199,-0.02321288,0.0012217305,0.011911872,358.5171,-35.421665,-24.18748,LYI
2882098725000,4.769997,-4.07384757875735,4.65649508774139,7.471447113644,-0.021685716,0.003970624,0.009162978,358.52493,-35.41265,-24.194155,LYI
2882103712000,4.774984,-4.06539119714743,4.663905,7.46223300511021,-0.022907447,0.007941248,0.0061086523,358.53683,-35.402138,-24.205633,LYI
2882108849000,4.780121,-4.04662988265579,4.663905,7.46973754657921,-0.018325957,0.015882496,0.007941248,358.5468,-35.39381,-24.21803,LYI
2882113713000,4.784985,-4.02886561680269,4.663905,7.4768432677599,-0.023823744,0.01985312,0.009773844,358.55377,-35.38355,-24.231089,LYI
2882118687000,4.789959,-4.01918064706002,4.67006133802173,7.47640778277648,-0.020463986,0.014660766,0.009773844,358.56104,-35.376606,-24.2436,LYI
2882123853000,4.795125,-4.01415640121864,4.68010988216716,7.47138343200975,-0.021380283,0.014966198,0.004276057,358.5674,-35.36675,-24.258583,LYI
2882128721000,4.799993,-4.00682994757087,4.68013270433871,7.47283508732112,-0.01160644,0.008246681,0.009468411,358.57556,-35.362286,-24.262426,LYI
2882133926000,4.805198,-3.99774285541883,4.67558920570595,7.47737872828366,-0.021991149,0.01160644,0.004276057,358.58542,-35.350357,-24.271341,LYI
2882138701000,4.809973,-3.98228035264153,4.66898268709581,7.48173565645209,-0.01985312,0.0033597588,0.0018325958,358.59763,-35.34365,-24.27357,LYI
2882143688000,4.81496,-3.95852177060989,4.65947905581534,7.48648747209233,-0.010079277,0.004276057,-0.0033597588,358.60913,-35.335228,-24.279942,LYI
2882148720000,4.819992,-3.93881583569752,4.65205176436371,7.49361532866619,-0.009773844,0.009468411,0.0021380284,358.619,-35.330536,-24.281263,LYI
2882153711000,4.824983,-3.92418236020002,4.64717383733034,7.50337087713032,-0.022602014,-0.0033597588,0.009162978,358.63297,-35.324375,-24.279505,LYI
2882158723000,4.829995,-3.92588433720995,4.64699363113617,7.49700347848757,-0.0290161,0.005497787,-0.0018325958,358.64688,-35.310947,-24.28159,LYI
2882163759000,4.835031,-3.94371876997319,4.65145233243968,7.47471043753351,-0.025961773,0.01282817,0.0027488936,358.65787,-35.30015,-24.27658,LYI
2882168715000,4.839987,-3.95177431887051,4.654328,7.46550275768623,-0.0290161,0.007941248,0.0036651916,358.6682,-35.287437,-24.270863,LYI
2882173722000,4.844994,-3.94166979087557,4.654328,7.48065965518913,-0.0290161,0.0033597588,-0.002443461,358.6775,-35.276028,-24.267376,LYI
2882178701000,4.849973,-3.92583494387428,4.6522814260355,7.49929565612572,-0.032070424,0.005497787,-0.0021380284,358.6891,-35.265244,-24.26727,LYI
2882183872000,4.855144,-3.90181630346299,4.64747759763314,7.52331429653701,-0.030543262,0.005497787,-0.0021380284,358.695777267267,-35.2597644998999,-24.2678254037037,LYI
2882188691000,4.859963,-3.89541441502855,4.65378961316501,7.52790848121431,-0.031154128,0.011911872,-0.0021380284,358.702,-35.254658,-24.268343,LYI
2882193799000,4.865071,-3.91501898146478,4.67829557709648,7.50340277316902,-0.028710667,0.008857546,-0.0061086523,358.7195,-35.24002,-24.265272,LYI
2882198656000,4.869928,-3.93503808256092,4.69605439517439,7.50273858069756,-0.03634648,0.0061086523,-0.010079277,358.73492,-35.226322,-24.256922,LYI
2882203716000,4.874988,-3.95819078585762,4.70531542814142,7.5397827125657,-0.028405234,0.0076358155,-0.005192355,358.7485,-35.217953,-24.24822,LYI
2882208702000,4.879974,-3.97305846693227,4.70915634760956,7.56699336055777,-0.026267206,0.003970624,-0.006414085,358.7656,-35.20367,-24.244537,LYI
2882213743000,4.885015,-3.96847900868905,4.69999747894138,7.57157291443749,-0.019547688,-0.007330383,-0.011301007,358.78326,-35.192867,-24.239431,LYI
2882218765000,4.890037,-3.96232168153545,4.6901591729163,7.57690487897636,-0.023823744,-0.0033597588,-0.0021380284,358.7952,-35.184704,-24.235865,LYI
2882223709000,4.894981,-3.94970011608317,4.67753756353297,7.58531925594455,-0.025961773,0.008246681,0.0015271631,358.80997,-35.177265,-24.23358,LYI
2882229480000,4.900752,-3.93650254212856,4.6634700487882,7.5952775024236,-0.02687807,-0.003970624,-0.002443461,358.83273,-35.16573,-24.225264,LYI
2882233867000,4.905139,-3.94092966769231,4.65904283076923,7.60413193846154,-0.031154128,0.00061086525,-0.004276057,358.84808,-35.1538,-24.222385,LYI
2882238964000,4.910236,-3.94678057009398,4.65394926872616,7.61394032336466,-0.030543262,0.010995574,0.00580322,358.8652,-35.14231,-24.213495,LYI
2882243714000,4.914986,-3.95947894173258,4.6497163897832,7.61817311391086,-0.025045475,0.010995574,0.0125227375,358.8842,-35.130478,-24.204538,LYI
2882248686000,4.919958,-3.97277079516144,4.64528567944543,7.62260373172048,-0.03573562,0.016493361,0.008552114,358.89777,-35.11679,-24.200254,LYI
2882253917000,4.925189,-3.9743748,4.63080591884498,7.62778667948852,-0.032986723,0.016798794,0.015577064,358.9078,-35.110394,-24.191841,LYI
2882259120000,4.930392,-3.97463058873291,4.61550911986326,7.63297079407475,-0.026572637,0.015577064,0.013439035,358.92,-35.100544,-24.186848,LYI
2882263809000,4.935081,-3.97872408145852,4.60732209166819,7.63706437228806,-0.03573562,0.020463986,0.010079277,358.9351,-35.084747,-24.184296,LYI
2882268706000,4.939978,-3.98299915799453,4.59877189395624,7.64133953810392,-0.031154128,0.013439035,0.013133603,358.94757,-35.074425,-24.179739,LYI
2882273718000,4.94499,-3.99565690947631,4.58906350109102,7.65009553965087,-0.03145956,0.017715093,0.018936822,358.95682,-35.06077,-24.178942,LYI
2882278667000,4.949939,-4.01043109376559,4.5792140963217,7.65994499584373,-0.04153884,0.025350908,0.02076942,358.96674,-35.045895,-24.177599,LYI
2882284044000,4.955316,-4.00004084275245,4.57349978091748,7.6193081451794,-0.032375857,0.029626964,0.02321288,358.98056,-35.033028,-24.175564,LYI
2882288718000,4.95999,-3.98726023081755,4.56923957693918,7.57670583848863,-0.04734206,0.028405234,0.022907447,358.99393,-35.011883,-24.174223,LYI
2882293789000,4.965061,-3.99110771354751,4.56455864322624,7.55852088645249,-0.03634648,0.019547688,0.01740966,359.0081,-34.99826,-24.175724,LYI
2882299092000,4.970364,-4.00093648074318,4.55964425962841,7.54869211925682,-0.032986723,0.03176499,0.019547688,359.01636,-34.98045,-24.180294,LYI
2882303725000,4.974997,-4.01217795894583,4.56460856561189,7.5465236,-0.03023783,0.024129177,0.022602014,359.0302,-34.968323,-24.179918,LYI
2882308853000,4.980125,-4.02561316930513,4.57356526340507,7.5465236,-0.047647487,0.020158553,0.02107485,359.0414,-34.951828,-24.183464,LYI
2882313753000,4.985025,-4.03942867724513,4.5777135,7.53893046989743,-0.03726278,0.022602014,0.018020526,359.054,-34.939533,-24.189552,LYI
2882318713000,4.989985,-4.05434418739795,4.5777135,7.52401485591375,-0.03390302,0.020158553,0.016493361,359.06805,-34.921562,-24.1936,LYI
2882323732000,4.995004,-4.060566,4.5749223954752,7.52337532562735,-0.03145956,0.021991149,0.013439035,359.07822,-34.908016,-24.202944,LYI
2882328714000,4.999986,-4.060566,4.57020874030824,7.53280283283936,-0.029932396,0.017715093,0.011301007,359.0901,-34.89517,-24.210346,LYI
2882333884000,5.005156,-4.06335951664056,4.56534318335944,7.52018566679718,-0.036651913,0.0036651916,0.012217305,359.10635,-34.88111,-24.21908,LYI
2882338740000,5.010012,-4.06791163637431,4.56079106362569,7.49287256812843,-0.03145956,0.0061086523,0.0125227375,359.12073,-34.870132,-24.23086,LYI
2882343722000,5.014994,-4.0701427,4.56091503009167,7.49126127341461,-0.028405234,-0.003970624,0.0021380284,359.13785,-34.85789,-24.23887,LYI
2882348716000,5.019988,-4.0701427,4.56543502251205,7.51386147150553,-0.01160644,-0.0033597588,0.0009162979,359.14996,-34.851776,-24.247978,LYI
2882353771000,5.025043,-4.07215304134469,4.57014704134469,7.53139068268938,-0.022602014,-0.008857546,0.003970624,359.16742,-34.83831,-24.257738,LYI
2882358785000,5.030057,-4.07702253482405,4.57501653482405,7.54112966964811,-0.019547688,-0.0125227375,-0.002443461,359.1868,-34.830914,-24.269817,LYI
2882363769000,5.035041,-4.07561783354357,4.57976434393557,7.55267613180671,-0.015882496,-0.01160644,0.00030543262,359.2053,-34.821552,-24.276926,LYI
2882368785000,5.040057,-4.06629569537163,4.58442543735688,7.56665941207064,-0.01160644,-0.003970624,0.006414085,359.22357,-34.81274,-24.285234,LYI
2882373775000,5.045047,-4.06627553335765,4.58538711558983,7.58667314620675,-0.023823744,-0.007941248,0.007330383,359.23822,-34.80063,-24.2932,LYI
2882378761000,5.050033,-4.0812035529283,4.58041109174656,7.61652939318466,-0.012217305,-0.0009162979,0.003970624,359.2487,-34.795727,-24.304857,LYI
2882383953000,5.055225,-4.08729204075507,4.57971775924493,7.632715,-0.02443461,-0.007330383,-0.0030543262,359.2647,-34.776825,-24.309914,LYI
2882388734000,5.060006,-4.08344215588161,4.58356764411839,7.632715,-0.010995574,-0.009773844,-0.0012217305,359.27704,-34.768112,-24.316328,LYI
2882393766000,5.065038,-4.07856213030631,4.58806188113858,7.63194343094652,-0.018325957,-0.003970624,0.003970624,359.29245,-34.747562,-24.324566,LYI
2882398777000,5.070049,-4.06438222924259,4.59751516496602,7.62249029518369,-0.017104227,-0.007330383,0.00061086525,359.31146,-34.73179,-24.331335,LYI
2882403915000,5.075187,-4.05135984663926,4.60570231833827,7.6135616,-0.008246681,-0.008246681,0.0070249503,359.3179,-34.71991,-24.337646,LYI
2882408856000,5.080128,-4.05588417563821,4.59665380206521,7.6135616,-0.028099801,-0.006414085,0.0070249503,359.32672,-34.70008,-24.34542,LYI
2882414135000,5.085407,-4.060566,4.58713372078204,7.61324843502413,-0.01038471,-0.0030543262,0.013744468,359.32755,-34.696747,-24.348898,LYI
2882418740000,5.090012,-4.060566,4.58279006235595,7.60456093674776,-0.013439035,-0.005192355,0.008857546,359.33194,-34.681923,-24.353506,LYI
2882423706000,5.094978,-4.060566,4.57810589129321,7.59519239897567,-0.014660766,-0.005192355,0.015577064,359.33517,-34.671066,-24.356806,LYI
2882428712000,5.099984,-4.03021159692217,4.56036812681267,7.59874421497485,-0.025350908,0.01282817,0.014966198,359.33826,-34.655556,-24.365738,LYI
2882433703000,5.104975,-3.99720531679984,4.54150739531419,7.60345969326231,-0.020158553,0.007330383,0.021991149,359.34238,-34.645935,-24.366755,LYI
2882438757000,5.110029,-3.97714485092707,4.54350214449938,7.59988885611867,-0.021685716,0.013439035,0.02107485,359.3447,-34.630825,-24.376226,LYI
2882443674000,5.114946,-3.95923513309879,4.54797952720357,7.59541114614434,-0.029626964,0.009468411,0.015577064,359.34952,-34.615963,-24.38162,LYI
2882448721000,5.119993,-3.93547393050387,4.54503358734058,7.59045814610077,-0.028710667,0.007330383,0.016798794,359.34586,-34.605686,-24.38263,LYI
2882453638000,5.12491,-3.91086117407485,4.54011108745557,7.58553559481497,-0.017715093,0.007330383,0.01863139,359.34384,-34.595478,-24.383997,LYI
2882458762000,5.130034,-3.91889841340131,4.54325999756009,7.57712324391843,-0.015271631,0.01038471,0.021380283,359.33945,-34.58508,-24.381517,LYI
2882463690000,5.134962,-3.93178838164603,4.5475566087764,7.56852984202476,-0.018325957,0.009468411,0.024129177,359.3355,-34.576405,-24.377827,LYI
2882468724000,5.139996,-3.92975551263699,4.55529512031811,7.55305289118417,-0.021380283,0.007330383,0.025350908,359.328,-34.574566,-24.369938,LYI
2882473771000,5.145043,-3.92038026104161,4.56467042086122,7.53430248588886,-0.017715093,0.0015271631,0.019242255,359.3227,-34.572865,-24.361935,LYI
2882478774000,5.150046,-3.92830881190973,4.5795315416556,7.5188238910677,-0.0061086523,-0.0018325958,0.022602014,359.32278,-34.573795,-24.353422,LYI
2882483970000,5.155242,-3.94718271776977,4.59840549678551,7.50466846167267,-0.017715093,0.008552114,0.024129177,359.3232,-34.568626,-24.34828,LYI
2882488728000,5.16,-3.9526706604437,4.62684839634784,7.4884374417748,-0.013439035,0.004581489,0.02076942,359.3229,-34.576496,-24.338858,LYI
2882493696000,5.164968,-3.94769184688154,4.66667906080996,7.46852218752616,-0.022296581,0.0033597588,0.0143553335,359.32053,-34.577682,-24.332785,LYI
2882498728000,5.17,-3.93420467367369,4.68019879828155,7.47749192976321,-0.015577064,0.0061086523,0.02076942,359.30997,-34.586273,-24.330639,LYI
2882503710000,5.174982,-3.91513718737137,4.67543197648117,7.5060930596663,-0.016187929,0.014660766,0.020463986,359.30194,-34.58869,-24.33184,LYI
2882508726000,5.179998,-3.91757583234608,4.67860128944534,7.51267373728236,-0.016493361,0.007941248,0.01740966,359.2945,-34.59652,-24.327682,LYI
2882513722000,5.184994,-3.93475253053312,4.68718959369952,7.50408547786753,-0.02076942,0.006414085,0.021991149,359.2829,-34.603813,-24.32527,LYI
2882518725000,5.189997,-3.94012452941053,4.68895560548634,7.50599946587792,-0.021380283,-0.004886922,0.0125227375,359.2793,-34.61062,-24.316027,LYI
2882523724000,5.194996,-3.92508701819705,4.67893065035075,7.52604958550937,-0.014966198,0.0015271631,0.014966198,359.2687,-34.620064,-24.307634,LYI
2882528710000,5.199982,-3.91486111769485,4.66732322446859,7.52873542790742,-0.022296581,-0.005497787,0.017104227,359.26285,-34.622128,-24.30088,LYI
2882533715000,5.204987,-3.91033283389702,4.65373808937175,7.51062219814832,-0.02321288,-0.010995574,0.018936822,359.2552,-34.62733,-24.295568,LYI
2882538703000,5.209975,-3.91061113611253,4.63984011292427,7.4986396,-0.02076942,-0.011301007,0.015577064,359.25635,-34.628372,-24.284792,LYI
2882543736000,5.215008,-3.92043684896545,4.62510159494445,7.4986396,-0.02443461,-0.009773844,0.014049901,359.25726,-34.62801,-24.27283,LYI
2882548672000,5.219944,-3.9264908,4.61425330137785,7.49687221983305,-0.025045475,0.0070249503,0.0143553335,359.24884,-34.628754,-24.267921,LYI
2882553711000,5.224983,-3.9264908,4.60939993807704,7.4920189072111,-0.021685716,0.004886922,0.013744468,359.24457,-34.62907,-24.259682,LYI
2882558692000,5.229964,-3.93357772466376,4.60998744383164,7.489063,-0.029626964,0.0009162979,0.01038471,359.24036,-34.623436,-24.257818,LYI
2882563780000,5.235052,-3.95243665389453,4.61941685921625,7.489063,-0.032986723,0.006414085,0.01160644,359.2339,-34.620247,-24.256882,LYI
2882568656000,5.239928,-3.96776977784938,4.62262573766613,7.4860911600886,-0.027794369,0.011911872,0.007330383,359.2339,-34.617027,-24.256119,LYI
2882573782000,5.245054,-3.97765513362868,4.61274043349778,7.47620559786549,-0.034208454,0.017715093,0.010995574,359.2306,-34.611374,-24.255028,LYI
2882578646000,5.249918,-3.97670921293984,4.61223787939841,7.4728060153235,-0.029932396,0.025350908,0.0033597588,359.23352,-34.60389,-24.261242,LYI
2882584481000,5.255753,-3.95028061475596,4.63338064755959,7.4833776753689,-0.03848451,0.024129177,0.003970624,359.23416,-34.593426,-24.264536,LYI
2882588741000,5.260013,-3.93499447809847,4.64045853480475,7.49335546519525,-0.038179077,0.027183503,0.0018325958,359.2393,-34.583607,-24.27443,LYI
2882593792000,5.265064,-3.93016351666833,4.62113478997304,7.51267921002697,-0.032986723,0.028405234,0.0015271631,359.24442,-34.573383,-24.283018,LYI
2882598700000,5.269972,-3.9264908,4.6033743547419,7.53043963457383,-0.033292156,0.022602014,0.0027488936,359.24823,-34.56518,-24.28397,LYI
2882603776000,5.275048,-3.9264908,4.58878491716687,7.54502902136855,-0.03634648,0.018936822,0.0009162979,359.25226,-34.557144,-24.28621,LYI
2882608792000,5.280064,-3.92863618013857,4.57556813106236,7.55824578013857,-0.030543262,0.009773844,0.003970624,359.2569,-34.54547,-24.28448,LYI
2882613804000,5.285076,-3.93787384788299,4.56633051154734,7.56748344788299,-0.025045475,0.01740966,0.003970624,359.26007,-34.532555,-24.286537,LYI
2882618768000,5.29004,-3.94782593884885,4.5571056331743,7.57816274883768,-0.025961773,0.0125227375,0.0067195175,359.2664,-34.51794,-24.282743,LYI
2882623769000,5.295041,-3.96241133428078,4.54738198545325,7.59761014581261,-0.01863139,0.0012217305,0.006414085,359.27313,-34.506546,-24.279762,LYI
2882628736000,5.300008,-3.97676254240969,4.5394063,7.6135616,-0.02443461,-0.003970624,0.0125227375,359.27863,-34.487206,-24.277792,LYI
2882633742000,5.305014,-3.99058108403151,4.5394063,7.6135616,-0.025045475,-0.011301007,0.0036651916,359.2903,-34.46916,-24.275568,LYI
2882638735000,5.310007,-4.00479617769387,4.53898350778391,7.61229320569271,-0.015577064,-0.008246681,0.005497787,359.29492,-34.453804,-24.274385,LYI
2882643747000,5.315019,-4.02338429743441,4.53433650211056,7.59835199457837,-0.02565634,-0.00061086525,0.007330383,359.30203,-34.43259,-24.274189,LYI
2882648928000,5.3202,-4.04294806325917,4.5298295,7.5860593460012,-0.016187929,-0.007941248,0.008246681,359.31445,-34.413048,-24.274096,LYI
2882653749000,5.325021,-4.06608379004811,4.5298295,7.60456815935057,-0.028710667,-0.008552114,0.0067195175,359.32404,-34.386036,-24.277245,LYI
2882658895000,5.330167,-4.08901569776218,4.52898769035653,7.62341899637777,-0.020158553,-0.012217305,0.003970624,359.3394,-34.364273,-24.28271,LYI
2882663826000,5.335098,-4.08453786722928,4.51555415200076,7.62789673339655,-0.023823744,-0.0015271631,0.002443461,359.35184,-34.336975,-24.2912,LYI
2882668697000,5.339969,-4.0801145225678,4.50228407182818,7.63231998568178,-0.016493361,0.009162978,0.0061086523,359.36472,-34.3145,-24.30186,LYI
2882673722000,5.344994,-4.06673092568699,4.49676953550675,7.59374932226928,-0.0125227375,0.008552114,0.0027488936,359.37958,-34.289673,-24.313652,LYI
2882678638000,5.34991,-4.05281985132473,4.49213257527824,7.55201614760169,-0.01985312,0.014966198,0.008246681,359.38776,-34.266174,-24.326923,LYI
2882683932000,5.355204,-4.0475149593911,4.51584112840749,7.5430495593911,-0.011301007,0.027794369,0.0076358155,359.4009,-34.2447,-24.341509,LYI
2882688707000,5.359979,-4.04394522754098,4.5408298104918,7.53947982754098,-0.014049901,0.025045475,0.0027488936,359.41534,-34.219326,-24.353556,LYI
2882693720000,5.364992,-4.03313546137645,4.55856,7.5352915777045,-0.018325957,0.035430185,0.015577064,359.42145,-34.202965,-24.367678,LYI
2882698718000,5.36999,-4.00767814492075,4.55856,7.53020000808425,-0.01160644,0.032375857,0.004276057,359.43774,-34.18485,-24.383005,LYI
2882703712000,5.374984,-3.98507081753512,4.56490316477035,7.52525556022716,-0.0125227375,0.03023783,0.011911872,359.43777,-34.172012,-24.393742,LYI
2882708910000,5.380182,-3.96523213808907,4.5797821225665,7.52029578678888,-0.0143553335,0.027794369,0.014660766,359.44257,-34.158535,-24.406265,LYI
2882713700000,5.384972,-3.9608109626863,4.58542704577123,7.52710927114383,-0.015271631,0.03023783,0.007941248,359.45273,-34.144077,-24.41335,LYI
2882718742000,5.390014,-3.9738167695457,4.5810917768181,7.5487856159095,-0.028710667,0.013439035,0.0061086523,359.46506,-34.127388,-24.414118,LYI
2882723664000,5.394936,-3.98589314003675,4.57868428015516,7.56082309922417,-0.021991149,0.013439035,0.0012217305,359.471,-34.119713,-24.417053,LYI
2882728775000,5.400047,-3.99588630330747,4.58368091396488,7.53583993017558,-0.014049901,0.0125227375,0.0076358155,359.4778,-34.110577,-24.414375,LYI
2882734080000,5.405352,-4.00890904247605,4.58148627267518,7.52214603943265,-0.013439035,0.004276057,0.01038471,359.49124,-34.093285,-24.413149,LYI
2882738820000,5.410092,-4.02596493915085,4.56443042052414,7.53493798420064,-0.016798794,0.004276057,0.013133603,359.49702036873,-34.085151962612,-24.4123683572974,LYI
2882743789000,5.415061,-4.04008659275036,4.55163462142126,7.54453487528159,-0.021991149,-0.0015271631,0.010995574,359.50308,-34.076626,-24.41155,LYI
2882748777000,5.420049,-4.03030386115093,4.57120013569527,7.52986067573213,-0.014049901,-0.00580322,0.01282817,359.50967,-34.07262,-24.411793,LYI
2882753729000,5.425001,-4.02094361056628,4.58597512429922,7.51845060158333,-0.01282817,-0.008552114,0.004886922,359.52213,-34.057266,-24.416828,LYI
2882758961000,5.430233,-4.01284823278132,4.57787983104451,7.52249833274093,-0.008552114,-0.01038471,0.013439035,359.5305,-34.04747,-24.417849,LYI
2882763728000,5.435,-4.00547234098069,4.57050401626141,7.52618631715001,-0.022602014,-0.013744468,0.009773844,359.5353,-34.035484,-24.42147,LYI
2882768742000,5.440014,-4.00998244400701,4.57501407219417,7.52393124209008,-0.02443461,-0.0106901415,0.016493361,359.53458,-34.0303,-24.422743,LYI
2882773651000,5.444923,-4.01967284946924,4.5847043764712,7.51908598876636,-0.023823744,-0.013744468,0.004886922,359.5411,-34.019222,-24.425695,LYI
2882778776000,5.450048,-4.0222588,4.58109153990499,7.52709120486936,-0.014660766,-0.0067195175,0.013439035,359.5429,-34.01582,-24.423357,LYI
2882783747000,5.455019,-4.0222588,4.57301446613505,7.53920689986427,-0.021380283,0.0030543262,0.0106901415,359.55026,-34.00543,-24.42504,LYI
2882788724000,5.459996,-4.02026215902037,4.57212998195925,7.5465236,-0.01740966,0.004886922,0.0125227375,359.55627,-34.002594,-24.425404,LYI
2882793712000,5.464984,-4.01521950321968,4.58221529356065,7.5465236,-0.015577064,0.008246681,0.009162978,359.56207,-33.99643,-24.429678,LYI
2882798778000,5.47005,-4.01517039085087,4.5872903,7.55647716340348,-0.015271631,0.011911872,0.010079277,359.56793,-33.99304,-24.431946,LYI
2882803774000,5.475046,-4.02003424088645,4.5872903,7.5759325635458,-0.013439035,0.0067195175,0.015271631,359.5746,-33.99052,-24.432783,LYI
2882808934000,5.480206,-4.0168366677629,4.59271240392871,7.5848308,-0.01985312,0.004581489,0.004581489,359.57797,-33.98228,-24.438168,LYI
2882813737000,5.485009,-4.00777840649862,4.60177061790075,7.5848308,-0.014049901,0.007330383,0.0106901415,359.57602,-33.980618,-24.439558,LYI
2882818684000,5.489956,-4.01704263719422,4.61108983863837,7.58947680842912,-0.01282817,0.004276057,0.015271631,359.57376,-33.980236,-24.441395,LYI
2882823781000,5.495053,-4.04581547509579,4.62068070114942,7.59906802145594,-0.0125227375,0.0018325958,0.009773844,359.57205,-33.98027,-24.444607,LYI
2882828765000,5.500037,-4.05461251473519,4.62361300491173,7.59406240022723,-0.011911872,-0.0012217305,0.006414085,359.5659,-33.984997,-24.443779,LYI
2882833944000,5.505216,-4.04160825485055,4.61927825161685,7.57238836217445,-0.005497787,-0.010079277,0.007941248,359.5617,-33.990826,-24.441174,LYI
2882838692000,5.509964,-4.02930775606948,4.61517810002056,7.5527299472916,-0.010995574,-0.020463986,0.015271631,359.56,-33.99297,-24.441334,LYI
2882843789000,5.515061,-4.01425586294583,4.61016088962894,7.53266079138658,-0.0125227375,-0.005497787,0.013133603,359.55725,-33.99621,-24.446606,LYI
2882848648000,5.51992,-4.003105,4.6075217892653,7.5156374214694,-0.008857546,-0.0030543262,0.014049901,359.5514,-34.00342,-24.44514,LYI
2882853773000,5.525045,-4.003105,4.61262213089473,7.50543673821054,-0.010995574,0.005497787,0.021380283,359.54068,-34.00906,-24.447605,LYI
2882858874000,5.530146,-4.003105,4.60933589218349,7.4999765615633,-0.024129177,0.013744468,0.023518313,359.52393,-34.011005,-24.452238,LYI
2882863804000,5.535076,-4.003105,4.58978897490271,7.50388594501946,-0.01985312,-0.0036651916,0.013133603,359.51233,-34.015644,-24.453709,LYI
2882868663000,5.539935,-4.003105,4.57052356494991,7.50773902701002,-0.014966198,0.007330383,0.015882496,359.4872,-34.01938,-24.461906,LYI
2882873780000,5.545052,-3.98438478082043,4.55409646231194,7.52693671691742,-0.015882496,0.013439035,0.011301007,359.4713,-34.019962,-24.467962,LYI
2882878905000,5.550177,-3.96553193154324,4.5397732619398,7.54578966845676,-0.010995574,0.013744468,0.015882496,359.45203,-34.02463,-24.47282,LYI
2882883946000,5.555218,-3.97475823805065,4.54438636702341,7.53656336194936,-0.014660766,0.0012217305,0.009773844,359.4385,-34.023808,-24.479603,LYI
2882889164000,5.560436,-3.98358803025406,4.54916478866933,7.52755178866933,-0.013439035,0.0030543262,0.011911872,359.41608,-34.022152,-24.484318,LYI
2882893792000,5.565064,-3.97495930828385,4.5534792397547,7.5318662397547,-0.0030543262,0.00061086525,0.009162978,359.40005,-34.02026,-24.486956,LYI
2882898645000,5.569917,-3.96591108276063,4.55800344699698,7.53639044699698,-0.009773844,-0.008246681,0.009162978,359.3923212025,-34.0190992128818,-24.4880634681988,LYI
2882903713000,5.574985,-3.97204359993231,4.55856,7.55506092417294,-0.009162978,-0.006414085,0.01160644,359.38425,-34.017887,-24.48922,LYI
2882908875000,5.580147,-3.98040901859717,4.55856,7.57597438348422,-0.007330383,-0.008857546,0.0076358155,359.37076,-34.018547,-24.493372,LYI
2882913785000,5.585057,-3.98951384537313,4.56134112268657,7.59039327769723,-0.0061086523,-0.0012217305,0.008552114,359.3576,-34.01557,-24.493841,LYI
2882918796000,5.590068,-3.99974600820896,4.56645720410448,7.60062586791045,-0.0015271631,-0.0018325958,0.0067195175,359.34845,-34.01288,-24.493006,LYI
2882923773000,5.595045,-3.99992330379898,4.5681367,7.60080303800977,-0.014660766,-0.015271631,0.009162978,359.34033,-34.006462,-24.489864,LYI
2882928728000,5.6,-3.99519181980257,4.5681367,7.5960711587596,-0.017104227,-0.004581489,0.01740966,359.32693,-34.00432,-24.491234,LYI
2882934098000,5.60537,-3.99022599239616,4.56483432687957,7.58450030822165,-0.016798794,-0.009162978,0.015271631,359.33047,-33.98823,-24.487246,LYI
2882938746000,5.610018,-3.98599512399962,4.56060350266134,7.57180761467541,-0.01160644,-0.005192355,0.0018325958,359.33102,-33.972668,-24.488111,LYI
2882943773000,5.615045,-3.9839516,4.56129423433908,7.565677,-0.0067195175,-0.00030543262,0.004276057,359.3257,-33.962067,-24.485662,LYI
2882948778000,5.62005,-3.9839516,4.56621330079023,7.565677,-0.020158553,-0.008246681,0.007941248,359.3252,-33.946705,-24.483297,LYI
2882953714000,5.624986,-3.9839516,4.56540194259011,7.565677,-0.018325957,0.00580322,0.009162978,359.31857,-33.935528,-24.487762,LYI
2882959129000,5.630401,-3.9839516,4.56043090822469,7.565677,-0.023518313,0.009162978,0.01740966,359.31296,-33.921127,-24.486076,LYI
2882963729000,5.635001,-3.9839516,4.56102910590722,7.565677,-0.02076942,0.008552114,0.016798794,359.30746,-33.908096,-24.487616,LYI
2882968719000,5.639991,-3.9839516,4.56583817635101,7.565677,-0.01160644,0.0018325958,0.013439035,359.30136,-33.89646,-24.487417,LYI
2882973722000,5.644994,-3.98883365639178,4.56569567180411,7.56323599729335,-0.029626964,0.006414085,0.011911872,359.299,-33.8801,-24.487545,LYI
2882978713000,5.649985,-3.99814089224029,4.56104205387986,7.55858242796222,-0.025350908,0.004581489,0.007941248,359.30066,-33.870872,-24.485722,LYI
2882983744000,5.655016,-3.99619236097908,4.55856,7.56531731618932,-0.017104227,0.008246681,-0.00061086525,359.30902,-33.852776,-24.485455,LYI
2882988779000,5.660051,-3.98150044984765,4.55856,7.58490666739793,-0.0125227375,0.008246681,0.009468411,359.31458,-33.83737,-24.48142,LYI
2882993704000,5.664976,-3.96976553572398,4.55856,7.59671237652646,-0.012217305,0.009773844,0.0106901415,359.32318,-33.82614,-24.483433,LYI
2882998717000,5.669989,-3.96045975972088,4.55856,7.60136555603799,-0.0106901415,0.005497787,0.0070249503,359.33148,-33.817192,-24.483238,LYI
2883003707000,5.674979,-3.95913643711107,4.55464474244767,7.59615436224778,-0.012217305,0.006414085,0.0033597588,359.3416,-33.798267,-24.480331,LYI
2883008789000,5.680061,-3.96831412853102,4.54546700311145,7.57779859607769,-0.012217305,0.011301007,0.004886922,359.35114,-33.78077,-24.477194,LYI
2883013779000,5.685051,-3.97277064918503,4.5394063,7.5592604302409,-0.015882496,0.0015271631,0.0027488936,359.3673,-33.76,-24.469364,LYI
2883018887000,5.690159,-3.96775595985648,4.5394063,7.53920177765249,-0.013439035,-0.0070249503,0.00061086525,359.3816,-33.74144,-24.462795,LYI
2883023847000,5.695119,-3.96847608059966,4.5449234208995,7.52920907870599,-0.0070249503,-0.00061086525,-0.0033597588,359.40634,-33.726425,-24.458239,LYI
2883028740000,5.700012,-3.9777194541868,4.5587884812802,7.53383086201795,-0.0061086523,0.010079277,0.00580322,359.42847,-33.712524,-24.451155,LYI
2883033850000,5.705122,-3.98947723434488,4.57228091133413,7.54247260549582,-0.011301007,-0.0027488936,-0.01038471,359.46024,-33.70037,-24.445276,LYI
2883038769000,5.710041,-4.00448584579849,4.58353733074472,7.5574811385902,-0.01282817,-0.0030543262,-0.0061086523,359.47968,-33.69356,-24.439766,LYI
2883043686000,5.714958,-4.01948835495022,4.59478917344484,7.57248356941458,-0.0106901415,-0.007330383,-0.0061086523,359.49051532682,-33.6924690390775,-24.4366243494813,LYI
2883048698000,5.71997,-4.0334096171742,4.59315007387933,7.6012729097787,-0.005192355,-0.008857546,0.0030543262,359.50156,-33.691357,-24.433422,LYI
2883053660000,5.724932,-4.04689167244184,4.58865607109892,7.63273144543219,-0.005497787,-0.01038471,0.002443461,359.52362,-33.68593,-24.429216,LYI
2883058829000,5.730101,-4.0541231196925,4.58415624575847,7.6391578803075,-0.0030543262,-0.0125227375,-0.0021380284,359.54984,-33.679188,-24.42392,LYI
2883063810000,5.735082,-4.05838726888353,4.57989218561723,7.63489373111647,-0.004886922,-0.01863139,0.004886922,359.5738,-33.672848,-24.415785,LYI
2883068729000,5.740001,-4.06741465269605,4.58227926051812,7.6349979398534,-0.007941248,-0.02443461,0.0033597588,359.59842,-33.664577,-24.411407,LYI
2883073772000,5.745044,-4.08196299117381,4.59197813595743,7.63984750416709,-0.004276057,-0.019547688,-0.00030543262,359.6204,-33.658314,-24.40752,LYI
2883078769000,5.750041,-4.08249335955826,4.59913470206404,7.63548903587963,-0.009162978,-0.01740966,0.0067195175,359.64075,-33.653534,-24.401718,LYI
2883083757000,5.755029,-4.06867133637153,4.60374215538194,7.62166696458333,-0.009468411,-0.021685716,0.0033597588,359.6645,-33.648758,-24.398272,LYI
2883088728000,5.76,-4.06448363081076,4.60448513345996,7.61552042563231,-0.006414085,-0.023518313,0.011301007,359.6823,-33.64627,-24.395002,LYI
2883093734000,5.765006,-4.07406899730081,4.59969232510247,7.62031313389983,0.0030543262,-0.01038471,0.011911872,359.70032,-33.643787,-24.396238,LYI
2883098718000,5.76999,-4.06985248513075,4.59884044830732,7.62116499290493,0.003970624,-0.014660766,0.00580322,359.71786,-33.647923,-24.390806,LYI
2883103712000,5.774984,-4.04561447615042,4.60368816146361,7.6163173809852,-0.003970624,-0.010995574,0.0125227375,359.72787,-33.65365,-24.388025,LYI
2883109124000,5.780396,-4.0318356,4.60888055187383,7.60868834359735,0.01038471,-0.010995574,0.011301007,359.736478403395,-33.6555456860709,-24.3882568270594,LYI
2883113727000,5.784999,-4.0318356,4.61323945132008,7.5999702716108,0.005497787,-0.0021380284,0.017104227,359.7438,-33.657158,-24.388454,LYI
2883118707000,5.789979,-4.02792642869131,4.6160207,7.60222598343656,0.011911872,0.0030543262,0.017715093,359.75876,-33.65811,-24.388575,LYI
2883123713000,5.794985,-4.01834771524476,4.6160207,7.62138351034965,0.0076358155,0.004276057,0.016493361,359.76932,-33.664722,-24.38447,LYI
2883128649000,5.799921,-4.01083017162718,4.6160207,7.632715,0.009468411,-0.013133603,0.013133603,359.78165,-33.67498,-24.378374,LYI
2883133990000,5.805262,-4.0058222651263,4.6160207,7.632715,0.0030543262,-0.0106901415,0.029626964,359.78528,-33.68426,-24.373974,LYI
2883138674000,5.809946,-3.99974336749214,4.61770153380503,7.63439586890723,0.004886922,-0.0033597588,0.01985312,359.79306,-33.68932,-24.370808,LYI
2883143738000,5.81501,-3.99021184060535,4.62246734701258,7.63916178164308,0.013133603,-0.013133603,0.02565634,359.79565,-33.698532,-24.358957,LYI
2883148648000,5.81992,-3.98693860261888,4.63157161440386,7.6393049661908,0.004886922,-0.015271631,0.02565634,359.8011,-33.7018,-24.351763,LYI
2883153711000,5.824983,-3.99648607374225,4.65066690558236,7.62975739537265,0.01282817,-0.02107485,0.028099801,359.80698,-33.71187,-24.340374,LYI
2883158893000,5.830165,-4.00171252454996,4.66251246638838,7.6175683237151,0.004581489,-0.015882496,0.022602014,359.8129,-33.711872,-24.330479,LYI
2883163746000,5.835018,-3.99767084789982,4.65847062092356,7.60140111067049,0.002443461,-0.015271631,0.01282817,359.82114,-33.714783,-24.318922,LYI
2883169007000,5.840279,-3.9930554919477,4.65409154103579,7.58459434597385,-0.004886922,0.0012217305,0.023823744,359.82086,-33.724037,-24.31039,LYI
2883173726000,5.844998,-3.98527969717825,4.65020356245699,7.58070644858913,0.00030543262,0.0021380284,0.020463986,359.82935,-33.732037,-24.302952,LYI
2883178639000,5.849911,-3.97718423633861,4.64615574750516,7.5766587181693,-0.01160644,0.0018325958,0.017104227,359.8328,-33.735973,-24.297634,LYI
2883184042000,5.855314,-3.96803257106017,4.63523768970272,7.56256960834527,-0.0076358155,-0.004886922,0.014660766,359.83795,-33.744377,-24.291655,LYI
2883188766000,5.860038,-3.95993070802292,4.62308493744628,7.54636596686963,-0.012217305,0.004581489,0.020158553,359.8389,-33.74803,-24.288631,LYI
2883193724000,5.864996,-3.95740128455285,4.61384063821138,7.54130712357724,-0.004886922,0.003970624,0.029626964,359.84146,-33.754284,-24.280924,LYI
2883198719000,5.869991,-3.96232421508696,4.60891775908202,7.55115288183596,0.00030543262,0.010079277,0.028405234,359.84225,-33.75789,-24.277918,LYI
2883203714000,5.874986,-3.96254308736024,4.62673828439454,7.53806109888194,-0.0009162979,0.0036651916,0.018325957,359.85098,-33.76075,-24.270536,LYI
2883209162000,5.880434,-3.95759952033352,4.67123054249574,7.49851256266818,0.005192355,0.014660766,0.020158553,359.85254,-33.767895,-24.266811,LYI
2883213726000,5.884998,-3.94944360041399,4.69648721294763,7.48141190674808,-0.002443461,0.014660766,0.017715093,359.86057,-33.765762,-24.263021,LYI
2883218707000,5.889979,-3.93463236853654,4.70636131598013,7.48634908714552,-0.008552114,-0.0027488936,0.01740966,359.8688,-33.76585,-24.257174,LYI
2883223785000,5.895057,-3.91307047142429,4.69613185657251,7.49577307086536,-0.007330383,-0.0015271631,0.023823744,359.86813,-33.778072,-24.253819,LYI
2883228748000,5.90002,-3.88460675744086,4.66292399211498,7.51000472971355,-0.0067195175,-0.008246681,0.021380283,359.8746,-33.78683,-24.24653,LYI
2883234173000,5.905445,-3.86655517874654,4.644751,7.51284340917676,-0.004276057,-0.004276057,0.028099801,359.87125,-33.79975,-24.23647,LYI
2883238747000,5.910019,-3.86237657689593,4.644751,7.50448629274063,-0.010995574,-0.016493361,0.025350908,359.87527,-33.808308,-24.223593,LYI
2883243699000,5.914971,-3.8715241018705,4.644751,7.50726167276464,-0.0033597588,-0.02107485,0.018936822,359.87744,-33.81891,-24.207897,LYI
2883248721000,5.919993,-3.90612459798561,4.644751,7.53197631284687,-0.0076358155,-0.01160644,0.017715093,359.87854,-33.824833,-24.192636,LYI
2883253668000,5.92494,-3.9264908,4.644751,7.54281073683186,-0.0021380284,-0.012217305,0.026572637,359.878,-33.83458,-24.17481,LYI
2883258979000,5.930251,-3.9264908,4.644751,7.53290666034466,-0.006414085,-0.012217305,0.022296581,359.879,-33.838524,-24.162107,LYI
2883263675000,5.934947,-3.92978840414714,4.64310221514306,7.53066760414714,-0.021380283,-0.0070249503,0.019242255,359.87265,-33.84289,-24.155487,LYI
2883268738000,5.94001,-3.939455902582,4.63826851639916,7.540335102582,-0.017715093,-0.01038471,0.016493361,359.86905,-33.8499,-24.147776,LYI
2883273646000,5.944918,-3.9456444,4.63833592173483,7.54494283039905,-0.017715093,-0.0076358155,0.01282817,359.86725,-33.85358,-24.14285,LYI
2883278717000,5.949989,-3.9456444,4.64795354849985,7.54013414254877,-0.007941248,-0.013133603,0.008552114,359.8686,-33.85983,-24.136038,LYI
2883283878000,5.95515,-3.94709861292391,4.6557822432934,7.54567224717395,-0.012217305,-0.01282817,0.014966198,359.86984,-33.857952,-24.131378,LYI
2883288738000,5.96001,-3.95102498781846,4.65970870018559,7.56923041454361,-0.020463986,-0.014966198,0.010079277,359.87646,-33.855133,-24.127777,LYI
2883294123000,5.965395,-3.9552212,4.66373695158475,7.5947436968305,-0.015577064,-0.009773844,0.013133603,359.88107,-33.857773,-24.122108,LYI
2883298778000,5.97005,-3.9552212,4.65964132135967,7.60293495728066,-0.007330383,0.00061086525,0.008857546,359.888,-33.857365,-24.11946,LYI
2883303648000,5.97492,-3.9552212,4.6553565266881,7.61150454662379,-0.0143553335,-0.007941248,0.013744468,359.88995,-33.854588,-24.11201,LYI
2883309162000,5.980434,-3.95885377931034,4.654328,7.59176597241379,-0.018936822,-0.010995574,0.0125227375,359.8915,-33.852848,-24.110018,LYI
2883313711000,5.984983,-3.96265691010039,4.654328,7.56894702882584,-0.01740966,-0.010995574,0.0070249503,359.89395,-33.850857,-24.106773,LYI
2883318703000,5.989975,-3.96073141470742,4.65026139347598,7.55813365018341,-0.005497787,-0.0070249503,0.0036651916,359.8956,-33.849117,-24.103561,LYI
2883323877000,5.995149,-3.95207632943231,4.6416062630131,7.56246110244541,-0.005192355,-0.008246681,0.013133603,359.8964,-33.84589,-24.097986,LYI
2883328773000,6.000045,-3.9456444,4.63148874779385,7.5675197905346,-0.015577064,-0.008552114,0.005497787,359.89804,-33.845234,-24.10056,LYI
2883334166000,6.005438,-3.9456444,4.6125770607836,7.57697570809227,-0.009468411,-0.022907447,0.008857546,359.8977,-33.851322,-24.096102,LYI
2883338964000,6.010236,-3.94540452741021,4.59734674768431,7.58579030037807,-0.0027488936,-0.021380283,0.0018325958,359.896,-33.847878,-24.098171,LYI
2883343805000,6.015077,-3.9417528821046,4.60465007642565,7.60039703412098,-0.0061086523,-0.01985312,0.003970624,359.89398,-33.8451,-24.094847,LYI
2883348777000,6.020049,-3.93800242136106,4.61215103707467,7.61539903374291,0.00061086525,-0.018020526,0.013439035,359.89713,-33.84292,-24.090996,LYI
2883353765000,6.025037,-3.94915781421587,4.60729389052275,7.61441149939827,0.005497787,-0.017104227,0.006414085,359.90366,-33.83742,-24.089869,LYI
2883359272000,6.030544,-3.9789092833396,4.5874595777736,7.59457697954118,-0.00580322,-0.024740042,0.011301007,359.90616,-33.832485,-24.083574,LYI
2883363779000,6.035051,-3.99703049478173,4.58121557649746,7.5848308,0.003970624,-0.008552114,0.016493361,359.90353,-33.833225,-24.081806,LYI
2883368736000,6.040008,-4.00666951967513,4.59085455106599,7.5848308,0.011301007,-0.020463986,0.008246681,359.90982,-33.82931,-24.073574,LYI
2883373775000,6.045047,-4.012682,4.596867,7.58675983265053,0.00030543262,-0.01038471,0.013439035,359.90784,-33.823326,-24.078539,LYI
2883378776000,6.050048,-4.012682,4.596867,7.59171468230913,-0.0033597588,-0.017104227,0.010995574,359.91528,-33.818665,-24.079744,LYI
2883384134000,6.055406,-4.00902154654698,4.59503679238454,7.59623794139279,0.0015271631,-0.020158553,0.009468411,359.91977,-33.813232,-24.084156,LYI
2883388815000,6.060087,-4.00253117434487,4.59179164016939,7.59948333080932,0.0012217305,-0.004581489,0.01038471,359.92194,-33.80565,-24.091204,LYI
2883393730000,6.065002,-3.99571635285942,4.58838426500652,7.60289095503113,-0.00061086525,0.002443461,0.015882496,359.92715,-33.79919,-24.094156,LYI
2883398794000,6.070066,-3.97771524880637,4.59361559350133,7.60082217161804,-0.00061086525,0.014966198,0.013439035,359.928834814778,-33.7960129925514,-24.0976458297746,LYI
2883403799000,6.075071,-3.95501162811671,4.60269708919098,7.59628116299735,0.00061086525,0.008857546,0.016493361,359.9305,-33.792873,-24.101095,LYI
2883409221000,6.080493,-3.94866907942422,4.61854265453006,7.58533349856054,0.005497787,0.0061086523,0.013744468,359.9338,-33.787327,-24.107025,LYI
2883413789000,6.085061,-3.95278487793772,4.63500576263054,7.57298601706652,0.0009162979,0.020463986,0.02076942,359.93018,-33.775574,-24.115072,LYI
2883418781000,6.090053,-3.94395321769001,4.64024383060784,7.56793064352566,-0.0106901415,0.0143553335,0.015882496,359.9335,-33.767418,-24.114492,LYI
2883423778000,6.09505,-3.91934390492646,4.63040015689602,7.57285260886558,-0.0018325958,0.021685716,0.021685716,359.92728,-33.765705,-24.117044,LYI
2883428767000,6.100039,-3.90507260815721,4.62333290815721,7.57751859184279,0.0009162979,0.0106901415,0.02076942,359.92694,-33.75915,-24.117376,LYI
2883434023000,6.105295,-3.90040671449759,4.61866701449759,7.58218448550241,-0.004276057,0.011301007,0.0125227375,359.9236,-33.752586,-24.12214,LYI
2883438717000,6.109989,-3.89943063604154,4.62103139068418,7.58149029303604,-0.0027488936,-0.0027488936,0.011911872,359.92984,-33.744656,-24.11363,LYI
2883443763000,6.115035,-3.90435066585217,4.6357914287416,7.57165013066585,-0.00030543262,-0.0015271631,0.016493361,359.93365,-33.735447,-24.109354,LYI
2883448722000,6.119994,-3.90919134201981,4.64660518074135,7.55455218660267,-0.009468411,-0.005192355,0.017715093,359.9383,-33.724735,-24.101543,LYI
2883453769000,6.125041,-3.91412691943225,4.65154086122741,7.52493882520167,0.002443461,-0.020463986,0.014966198,359.94464,-33.720085,-24.09143,LYI
2883458740000,6.130012,-3.91111818695073,4.65819195605859,7.50242058695073,0.0036651916,-0.014049901,0.031154128,359.9445,-33.713383,-24.082277,LYI
2883463775000,6.135047,-3.89735962084839,4.66736452501427,7.48866202084839,0.015577064,-0.0106901415,0.029626964,359.95264,-33.709507,-24.072819,LYI
2883468651000,6.139923,-3.8911711837238,4.67646956812577,7.4764984162762,0.010079277,-0.016187929,0.023518313,359.96313,-33.707794,-24.061535,LYI
2883473774000,6.145046,-3.90125378676531,4.68655211852651,7.46641581323469,0.004886922,-0.01038471,0.024129177,359.9694,-33.709564,-24.05299,LYI
2883478645000,6.149917,-3.9057768609611,4.6941958390389,7.46501344970252,-0.0009162979,-0.016187929,0.026572637,359.98032,-33.710876,-24.038614,LYI
2883483784000,6.155056,-3.90127203943249,4.69870066056751,7.47852800836613,0.0036651916,-0.009162978,0.023823744,359.9886,-33.712627,-24.029617,LYI
2883488717000,6.159989,-3.8977604,4.70039848988661,7.48815607600368,0.0036651916,-0.0027488936,0.020158553,359.99814,-33.7151,-24.020687,LYI
2883493795000,6.165067,-3.8977604,4.69046264548984,7.48318805005619,-0.0061086523,0.0012217305,0.018020526,0.006913741,-33.715794,-24.013311,LYI
2883498724000,6.169996,-3.89993048430635,4.68522878430635,7.48708129507223,-0.0061086523,0.009773844,0.01863139,0.011794424,-33.72243,-24.006512,LYI
2883503772000,6.175044,-3.90949780795567,4.69479610795567,7.52056692784485,0.00030543262,0.0076358155,0.007330383,0.021335948,-33.725937,-24.000874,LYI
2883508780000,6.180052,-3.91347492612938,4.69791343072887,7.54738336846766,-0.009162978,0.015577064,0.0125227375,0.023422204,-33.728626,-23.997265,LYI
2883513795000,6.185067,-3.89772428187259,4.67822500205788,7.55132102953185,-0.015882496,0.008552114,0.015271631,0.0320852,-33.73134,-23.992317,LYI
2883518662000,6.189934,-3.88243846221202,4.6591176077724,7.555142484447,-0.01863139,0.008857546,0.010995574,0.031174634,-33.731472,-23.99281,LYI
2883523782000,6.195054,-3.87491650062247,4.63587650311234,7.5561004,-0.009773844,0.007330383,0.009162978,0.030737646,-33.73339,-23.990427,LYI
2883528688000,6.19996,-3.87027429325166,4.61266546625827,7.5561004,-0.013439035,0.006414085,0.01282817,0.029880159,-33.731544,-23.988071,LYI
2883534174000,6.205446,-3.87651801814603,4.61018796997844,7.56733242721905,-0.02076942,0.005192355,0.007330383,0.029218514,-33.72539,-23.985878,LYI
2883538753000,6.210025,-3.88473850126535,4.61429816861936,7.57966315189802,-0.014660766,0.00030543262,0.016493361,0.024941145,-33.724224,-23.979496,LYI
2883543732000,6.215004,-3.89399059653225,4.62182769653225,7.57031336930546,-0.021991149,-0.006414085,0.018020526,0.024417583,-33.71372,-23.975523,LYI
2883548719000,6.219991,-3.90345448271079,4.63129158271079,7.54665375268008,-0.011911872,-0.007941248,0.010079277,0.023955755,-33.70909,-23.971727,LYI
2883553715000,6.224987,-3.90453168262165,4.63797978808342,7.55939119761668,-0.007941248,0.0027488936,0.010995574,0.023516212,-33.70175,-23.967026,LYI
2883558767000,6.230039,-3.89972711523337,4.64278430530288,7.59782783706058,-0.009162978,-0.009162978,0.013133603,0.02923932,-33.694763,-23.958143,LYI
2883563738000,6.23501,-3.88929381272967,4.65321776408486,7.60509489485331,-0.014660766,-0.005497787,0.022907447,0.026972493,-33.692734,-23.956745,LYI
2883568713000,6.239985,-3.8747842461882,4.66772763364126,7.5905851263019,-0.01985312,-0.004276057,0.024129177,0.029010266,-33.68947,-23.953295,LYI
2883573716000,6.244988,-3.86903,4.66763035450696,7.57605351506352,-0.011301007,-0.0033597588,0.0143553335,0.03250589,-33.696644,-23.94478,LYI
2883578708000,6.24998,-3.86903,4.65798962371446,7.56159272087114,-0.009162978,-0.0030543262,0.008857546,0.034519874,-33.701363,-23.935709,LYI
2883583900000,6.255172,-3.88311906123906,4.64587453383324,7.5561004,-0.007330383,-0.007941248,0.009468411,0.036142066,-33.707443,-23.924456,LYI
2883588775000,6.260047,-3.90395770612391,4.63337130338332,7.5561004,-0.012217305,-0.0070249503,0.009162978,0.03817806,-33.71115,-23.915953,LYI
2883593780000,6.265052,-3.91489298191148,4.6255975,7.56014243617704,-0.004886922,-0.0009162979,0.0021380284,0.04336355,-33.720234,-23.909369,LYI
2883598774000,6.270046,-3.90978003138764,4.6255975,7.57036833722472,-0.0070249503,-0.0033597588,0.0033597588,0.04797779,-33.72645,-23.899931,LYI
2883603766000,6.275038,-3.91191691204698,4.62101781186347,7.57296409615561,-0.009773844,-0.00580322,0.008552114,0.056728456,-33.727047,-23.897926,LYI
2883608811000,6.280083,-3.92078285497752,4.61215191522158,7.56853103211304,-0.014660766,0.004581489,0.009773844,0.064076796,-33.725998,-23.898874,LYI
2883613750000,6.285022,-3.92992763548387,4.61159923528226,7.565677,-0.018020526,-0.0015271631,0.008857546,0.07145304,-33.72472,-23.894367,LYI
2883618778000,6.29005,-3.94014668268251,4.62692775272708,7.565677,-0.0125227375,0.007941248,0.008857546,0.07335068,-33.724606,-23.895449,LYI
2883623775000,6.295047,-3.95008952466586,4.64628720449575,7.57012217108141,-0.0125227375,0.011301007,0.0067195175,0.07828792,-33.72199,-23.897247,LYI
2883628775000,6.300047,-3.95978656800324,4.67053001535034,7.57981931567436,-0.0125227375,0.00580322,0.0027488936,0.0836089,-33.720337,-23.89946,LYI
2883633834000,6.305106,-3.95378276624222,4.6830587,7.58042466048889,-0.016493361,0.00580322,0.008857546,0.08458478,-33.718266,-23.903755,LYI
2883638743000,6.310015,-3.93193477330607,4.6830587,7.5716853720606,-0.013744468,0.01038471,0.0009162979,0.090249054,-33.71525,-23.910902,LYI
2883643740000,6.315012,-3.91362647204233,4.67977115487831,7.56074577671958,-0.00580322,0.010995574,0.00061086525,0.09348293,-33.719772,-23.913694,LYI
2883648721000,6.319993,-3.90353080203175,4.66967543215873,7.54560248253968,-0.015577064,0.008552114,0.004886922,0.097323276,-33.719814,-23.917355,LYI
2883653683000,6.324955,-3.88815999617025,4.663905,7.54462728296521,-0.007941248,0.00061086525,-0.004581489,0.10544267,-33.721825,-23.918364,LYI
2883658923000,6.330195,-3.86437459850223,4.663905,7.56365550175372,-0.010079277,-0.00061086525,0.009162978,0.1059032,-33.72261,-23.9156,LYI
2883663679000,6.334951,-3.85446175657505,4.66696192034331,7.57372551588842,-0.009468411,0.014660766,0.01038471,0.11035482,-33.71926,-23.918753,LYI
2883668745000,6.340017,-3.86933334198427,4.67687636237867,7.56876821722693,-0.014049901,0.003970624,0.0106901415,0.11672132,-33.715775,-23.913582,LYI
2883673646000,6.344918,-3.88355571296351,4.67316080517156,7.57062594741422,-0.015577064,0.002443461,0.0143553335,0.11079542,-33.71578,-23.908676,LYI
2883678712000,6.349984,-3.89794790186888,4.64437622698507,7.58501823650747,-0.020463986,-0.0070249503,0.010995574,0.11015225,-33.712757,-23.900808,LYI
2883683782000,6.355054,-3.90860667442734,4.62940593653774,7.59313812557266,-0.01282817,-0.006414085,0.007330383,0.10935656,-33.71029,-23.89688,LYI
2883688705000,6.359977,-3.9121475370935,4.64002856150957,7.5895972629065,-0.006414085,-0.009773844,0.008552114,0.11069938,-33.706528,-23.889755,LYI
2883693707000,6.364979,-3.91574522042809,4.65082164907999,7.58599957957191,-0.023518313,-0.025350908,0.0015271631,0.12367315,-33.698387,-23.883305,LYI
2883698774000,6.370046,-3.94837958381061,4.65118137590683,7.59427060656739,-0.012217305,-0.01863139,0.0067195175,0.12954202,-33.70068,-23.879026,LYI
2883703733000,6.375005,-3.99371306147385,4.64664793346697,7.60787083921344,-0.0076358155,-0.021380283,0.006414085,0.14298454,-33.6953,-23.87147,LYI
2883708823000,6.380095,-4.00739855041171,4.65003455992681,7.6003528105215,-0.009468411,-0.01740966,0.0067195175,0.14956823,-33.692825,-23.867508,LYI
2883713786000,6.385058,-3.99870144914913,4.65873184281793,7.57860978492223,-0.0021380284,-0.01740966,-0.0009162979,0.1593431,-33.692455,-23.86364,LYI
2883718786000,6.390058,-3.99146839722718,4.66596504579351,7.56361704024787,-0.008552114,-0.022296581,-0.004276057,0.17272103,-33.68702,-23.866844,LYI
2883723782000,6.395054,-3.98644311702552,4.67099043094213,7.55859186499317,-0.0009162979,-0.014049901,0.0033597588,0.18262619,-33.68723,-23.87246,LYI
2883728767000,6.400039,-3.98167904683508,4.67120939937553,7.55382784683508,-0.0033597588,-0.0125227375,0.002443461,0.1985949,-33.67914,-23.876707,LYI
2883733960000,6.405232,-3.97697355696849,4.66650381124042,7.54912235696849,-0.0036651916,-0.0036651916,0.0012217305,0.20963371,-33.674416,-23.883234,LYI
2883738760000,6.410032,-3.9647970085102,4.65815826509991,7.54077688510198,-0.002443461,-0.003970624,0.00580322,0.21775995,-33.669395,-23.887383,LYI
2883743803000,6.415075,-3.93979659314629,4.64315785925044,7.52577653146288,0.0009162979,-0.0076358155,0.003970624,0.22671746,-33.66375,-23.89399,LYI
2883748776000,6.420048,-3.91561390449539,4.62647276088121,7.52866989550461,0.004886922,0.0021380284,0.003970624,0.2311507,-33.66141,-23.901821,LYI
2883753776000,6.425048,-3.891854849221,4.60746546704376,7.552428950779,0.00030543262,0.004276057,0.0076358155,0.23725504,-33.65788,-23.906704,LYI
2883758909000,6.430181,-3.87218912158506,4.60542392689084,7.5699554969518,0.0012217305,0.002443461,0.0033597588,0.23978317,-33.65593,-23.912516,LYI
2883763796000,6.435068,-3.85881462503334,4.62325663551153,7.57887192108973,-0.009468411,0.005497787,0.0033597588,0.23914687,-33.65088,-23.918423,LYI
2883768662000,6.439934,-3.8530221359885,4.6351743,7.58954946967768,0.0009162979,0.0061086523,0.005192355,0.23252442,-33.65816,-23.919458,LYI
2883773782000,6.445054,-3.86308849115171,4.6351743,7.60464921264627,-0.011911872,0.0067195175,0.0067195175,0.22567135,-33.656643,-23.921137,LYI
2883778642000,6.449914,-3.86564301550895,4.63348080775447,7.60340057579373,-0.008552114,0.0106901415,0.00580322,0.21440876,-33.655922,-23.921215,LYI
2883784158000,6.45543,-3.85547837652492,4.62839848826246,7.57290644656533,-0.007941248,0.002443461,0.004581489,0.20534244,-33.65145,-23.918331,LYI
2883788729000,6.460001,-3.85128216038351,4.62700326038351,7.56172344153404,-0.010079277,0.0021380284,0.0067195175,0.1973902,-33.64391,-23.91784,LYI
2883793697000,6.464969,-3.85584376559923,4.63156486559923,7.57996986239693,-0.016798794,-0.0009162979,0.013439035,0.1908409,-33.63591,-23.914207,LYI
2883798670000,6.469942,-3.86049550474201,4.63725892036766,7.59544997004387,-0.008552114,0.0030543262,0.013439035,0.18385348,-33.631836,-23.913197,LYI
2883803713000,6.474985,-3.86553997961145,4.64734792278045,7.60049476095676,-0.011911872,0.008552114,0.021685716,0.17358874,-33.625324,-23.909227,LYI
2883808749000,6.480021,-3.87454318619406,4.65157139251093,7.59295854125965,-0.022296581,0.004581489,0.021991149,0.16223627,-33.61645,-23.906452,LYI
2883813735000,6.485007,-3.89231225300958,4.64268681271746,7.55742012931436,-0.019547688,0.008857546,0.017104227,0.14786279,-33.610504,-23.906158,LYI
2883818729000,6.490001,-3.90962223896954,4.63745936282969,7.52889335931302,-0.027183503,0.0076358155,0.02107485,0.13152957,-33.604534,-23.902151,LYI
2883823722000,6.494994,-3.92428701991413,4.65212429690247,7.53866987994275,-0.029932396,0.006414085,0.017715093,0.1178008,-33.59878,-23.901102,LYI
2883828712000,6.499984,-3.93699031304006,4.66667314875504,7.54467817391989,-0.02321288,-0.00061086525,0.020158553,0.105184816,-33.591656,-23.903917,LYI
2883833802000,6.505074,-3.94178766684381,4.68106526025982,7.53508346631237,-0.026267206,-0.0027488936,0.018936822,0.09396435,-33.58059,-23.908512,LYI
2883838735000,6.510007,-3.94417641698715,4.69190150849357,7.52663599316504,-0.025961773,0.0015271631,0.020158553,0.091491684,-33.575188,-23.909637,LYI
2883843729000,6.515001,-3.93545928599289,4.68754294299645,7.52227733664449,-0.020158553,0.0030543262,0.014966198,0.091917545,-33.56937,-23.910938,LYI
2883849096000,6.520368,-3.92577929771818,4.68282153504921,7.51731867009841,-0.024740042,0.009773844,0.011911872,0.08529522,-33.562283,-23.916138,LYI
2883853726000,6.524998,-3.91139390223856,4.67802645329296,7.50772850658592,-0.024740042,0.0076358155,0.0143553335,0.08020297,-33.557816,-23.919443,LYI
2883858951000,6.530223,-3.89413859374661,4.67130887086572,7.49646650112055,-0.01985312,0.0076358155,0.01282817,0.0783166279131653,-33.5548088546419,-23.9220497502001,LYI
2883863722000,6.534994,-3.87349386538948,4.65892177516718,7.48407957787819,-0.009162978,0.0070249503,0.0125227375,0.07659419,-33.552063,-23.92443,LYI
2883868747000,6.540019,-3.85175004648473,4.64587521136816,7.47103319571661,-0.016493361,-0.00030543262,0.011301007,0.07406989,-33.541138,-23.926702,LYI
2883873718000,6.54499,-3.86277750381951,4.64905145774787,7.49571129744706,-0.0076358155,-0.00030543262,0.012217305,0.071995359160097,-33.538002361128,-23.9287780230443,LYI
2883878641000,6.549913,-3.87677312614289,4.65371676261627,7.52370263952108,-0.01740966,0.008857546,0.008857546,0.06994086,-33.534897,-23.930834,LYI
2883883817000,6.555089,-3.87015317038769,4.65010109692188,7.54005044441847,-0.0143553335,0.0036651916,0.025350908,0.06556228,-33.530384,-23.926903,LYI
2883888693000,6.559965,-3.86105586339373,4.64555234843172,7.55369640490941,-0.018325957,0.003970624,0.010995574,0.06487099,-33.519398,-23.929499,LYI
2883893743000,6.565015,-3.84765763706897,4.63688733243534,7.55216854568966,-0.026572637,0.002443461,0.012217305,0.0579504,-33.51517,-23.92504,LYI
2883898685000,6.569957,-3.83374838581505,4.62761454667908,7.54753212860502,-0.024129177,0.0027488936,0.013744468,0.054247253,-33.510674,-23.923477,LYI
2883903779000,6.575051,-3.84672927059802,4.64480539842801,7.54332237273559,-0.029932396,0.007330383,0.014660766,0.048906337,-33.499207,-23.920473,LYI
2883908844000,6.580116,-3.86690164521334,4.66901241647675,7.5392879820677,-0.032070424,0.00580322,0.014049901,0.044748094,-33.489433,-23.916157,LYI
2883913786000,6.585058,-3.87457266111462,4.68709283888538,7.54501523564669,-0.031154128,0.0076358155,0.011301007,0.042443335,-33.475117,-23.911285,LYI
2883918784000,6.590056,-3.86450644736067,4.69715905263933,7.56514755804416,-0.037873644,0.011301007,0.009773844,0.03990295,-33.458794,-23.906425,LYI
2883923773000,6.595045,-3.86425709644013,4.69020248365696,7.57285200161812,-0.032375857,0.010079277,0.007330383,0.044739213,-33.44889,-23.902643,LYI
2883928777000,6.600049,-3.8739501197411,4.66596977358414,7.56800538875405,-0.036651913,0.014660766,0.016187929,0.045240488,-33.4365,-23.899376,LYI
2883933835000,6.605107,-3.8786068,4.64728795318992,7.55863707570861,-0.040011674,0.024129177,0.007941248,0.05786647,-33.419773,-23.894058,LYI
2883938810000,6.610082,-3.8786068,4.63409118119287,7.54544053337642,-0.0421497,0.020463986,0.01160644,0.066608414,-33.40552,-23.883432,LYI
2883943762000,6.615034,-3.8821041706177,4.62384881469115,7.5404443340985,-0.04062254,0.020463986,0.004886922,0.08349565,-33.39153,-23.880247,LYI
2883948772000,6.620044,-3.89211664307179,4.61884257846411,7.55045670200334,-0.028710667,0.009468411,0.00030543262,0.10132089,-33.380684,-23.872923,LYI
2883953698000,6.62497,-3.90511868697798,4.61969984348899,7.55058168476652,-0.03268129,0.01160644,0.0070249503,0.11646575,-33.364376,-23.869867,LYI
2883958839000,6.630111,-3.92311533462487,4.62869816731244,7.53708419903134,-0.041233405,0.014049901,0.008857546,0.13552062,-33.348854,-23.866222,LYI
2883963687000,6.634959,-3.9338314225567,4.63405621127835,7.53296044360826,-0.03023783,0.013744468,0.0015271631,0.14823797,-33.343452,-23.866009,LYI
2883968729000,6.640001,-3.92401016239195,4.62914558119597,7.55751359402014,-0.036651913,0.009773844,0.0070249503,0.15733285,-33.333683,-23.863071,LYI
2883973676000,6.644948,-3.91492797150127,4.62361148187023,7.57823310496183,-0.034513887,0.017104227,0.0012217305,0.17643929,-33.326847,-23.867636,LYI
2883978774000,6.650046,-3.90716357480916,4.61584712571565,7.58987994322519,-0.03756821,0.014049901,0.0061086523,0.19385763,-33.319355,-23.866262,LYI
2883984198000,6.65547,-3.89890267099237,4.60758626502863,7.60227155772901,-0.029626964,0.016187929,0.0012217305,0.21201798,-33.305626,-23.868412,LYI
2883988731000,6.660003,-3.89420400121724,4.62422599391381,7.5862027832728,-0.022296581,0.008857546,-0.00030543262,0.2301085,-33.292427,-23.866379,LYI
2883993705000,6.664977,-3.88952794318249,4.64760628408756,7.56282220013743,-0.027488936,0.004886922,0.0018325958,0.24712503,-33.27815,-23.865904,LYI
2883998777000,6.670049,-3.88490367658454,4.65760799191273,7.56922009366184,-0.027794369,0.014049901,0.007330383,0.26677313,-33.270023,-23.861944,LYI
2884003741000,6.675013,-3.88043318239609,4.6620785794621,7.58710207041565,-0.03023783,0.005192355,-0.0012217305,0.29301983,-33.258522,-23.855316,LYI
2884008992000,6.680264,-3.884181303594,4.663905,7.60555666539642,-0.024129177,0.0012217305,0.0018325958,0.3081711,-33.251465,-23.849989,LYI
2884013790000,6.685062,-3.89247992855337,4.663905,7.62215400196858,-0.021380283,-0.0021380284,0.004276057,0.32673693,-33.241844,-23.844578,LYI
2884018729000,6.690001,-3.8977604,4.663905,7.63460040939457,-0.02076942,-0.011911872,0.0076358155,0.34520638,-33.23623,-23.833506,LYI
2884023776000,6.695048,-3.8977604,4.663905,7.63964582891441,-0.020158553,-0.01282817,0.0036651916,0.36345094,-33.23062,-23.824892,LYI
2884028767000,6.700039,-3.90434018090865,4.663905,7.64667852060577,-0.016187929,-0.0061086523,-0.0009162979,0.3820717,-33.223053,-23.816488,LYI
2884033852000,6.705124,-3.91861415101124,4.663905,7.65619450067416,-0.01740966,-0.009162978,0.0030543262,0.4010508,-33.21506,-23.805223,LYI
2884038779000,6.710051,-3.93841821796829,4.66191705549031,7.66343350299472,-0.015271631,-0.008246681,0.010995574,0.41531855,-33.2113,-23.79697,LYI
2884043800000,6.715072,-3.9666537510276,4.65721103503621,7.66813942517127,-0.028710667,-0.011911872,0.004276057,0.4333298,-33.201828,-23.789118,LYI
2884048690000,6.719962,-3.9839516,4.6490535209999,7.66574793935836,-0.015882496,-0.0070249503,0.008246681,0.44933006,-33.198883,-23.781664,LYI
2884053770000,6.725042,-3.9839516,4.63428265367878,7.65097712344904,-0.016187929,-0.0015271631,0.013133603,0.46686783,-33.188656,-23.774818,LYI
2884058751000,6.730023,-3.97853988475345,4.62379359491782,7.64409594275458,-0.03268129,-0.004581489,0.015271631,0.4878151,-33.16917,-23.773335,LYI
2884063738000,6.73501,-3.96500516863782,4.61928202287927,7.6486076090119,-0.030543262,0.007330383,0.009468411,0.50525653,-33.154266,-23.777178,LYI
2884068653000,6.739925,-3.9552212,4.61219387498729,7.64804214834774,-0.027183503,0.01038471,0.008552114,0.52372247,-33.140694,-23.778097,LYI
2884073731000,6.745003,-3.9552212,4.59735981589222,7.63320798598881,-0.019547688,0.01160644,0.0061086523,0.54181457,-33.12798,-23.782606,LYI
2884078648000,6.74992,-3.9552212,4.5872903,7.62996901426492,-0.028405234,0.01863139,0.00580322,0.5528166,-33.111965,-23.787664,LYI
2884083834000,6.755106,-3.9552212,4.5872903,7.65406667792334,-0.020463986,0.014660766,0.0067195175,0.5657543,-33.102097,-23.790657,LYI
2884088710000,6.759982,-3.95189049319728,4.58506982879819,7.6710224,-0.0143553335,0.012217305,0.010995574,0.5766037,-33.089,-23.796913,LYI
2884093705000,6.764977,-3.93833150340136,4.57603050226757,7.6710224,-0.018325957,0.016798794,0.004886922,0.589098,-33.074272,-23.8054,LYI
2884098714000,6.769986,-3.92712905603626,4.57005146144417,7.66910763189122,-0.016187929,0.0070249503,0.0061086523,0.5962151,-33.066162,-23.807941,LYI
2884103714000,6.774986,-3.9320614829007,4.58484869053358,7.6543103512979,-0.01282817,0.004276057,0.005497787,0.6031392,-33.056396,-23.814356,LYI
2884108850000,6.780122,-3.94275640684982,4.59877810335066,7.64324756664192,-0.015271631,0.0036651916,0.0067195175,0.6030738,-33.041073,-23.819555,LYI
2884113765000,6.785037,-3.97333825398181,4.60751584564693,7.64761650621867,-0.0070249503,0.003970624,0.005192355,0.60423654,-33.0291,-23.824738,LYI
2884118837000,6.790109,-4.00253830807479,4.6160207,7.65243569192521,-0.0106901415,0.0021380284,0.007330383,0.6108403,-33.018757,-23.826586,LYI
2884123723000,6.794995,-3.99292422214917,4.6160207,7.66204977785083,-0.013439035,0.007941248,0.009162978,0.61635244,-33.01052,-23.830534,LYI
2884128695000,6.799967,-3.98329937393173,4.61732515554178,7.66710902996942,-0.021380283,0.0021380284,0.0027488936,0.6282162,-32.99133,-23.838966,LYI
2884133974000,6.805246,-3.97494233166377,4.6340392837094,7.61696660183486,-0.008857546,0.0036651916,0.0067195175,0.6344895,-32.978622,-23.84811,LYI
2884140345000,6.811617,-3.96485657370031,4.65421085229358,7.55645184342508,-0.014049901,0.0009162979,0.01038471,0.6427342,-32.958904,-23.85371,LYI
2884143707000,6.814979,-3.95834685332253,4.65755364070097,7.54964932068476,-0.014660766,0.011911872,0.010079277,0.64804626,-32.943787,-23.862675,LYI
2884148696000,6.819968,-3.94866722301459,4.66239355692869,7.53996979145057,-0.018325957,0.012217305,0.0033597588,0.64820665,-32.93312,-23.871964,LYI
2884153722000,6.824994,-3.93247926576157,4.66061364770588,7.52378179702705,-0.021685716,0.022907447,0.007941248,0.6418303,-32.924015,-23.883991,LYI
2884158865000,6.830137,-3.91295553871767,4.65573261401249,7.50425796805074,-0.022907447,0.020158553,0.003970624,0.6419231,-32.912594,-23.89527,LYI
2884163734000,6.835006,-3.89801529233126,4.654328,7.50796150766874,-0.010079277,0.03023783,0.009773844,0.6330797,-32.90292,-23.908491,LYI
2884168741000,6.840013,-3.88424285453327,4.654328,7.52173394546673,-0.019547688,0.027183503,0.011301007,0.6294772,-32.886536,-23.91909,LYI
2884173728000,6.845,-3.87020194933785,4.6515263246042,7.51616359095888,-0.018936822,0.01985312,0.011301007,0.6228635,-32.88045,-23.927368,LYI
2884178715000,6.849987,-3.85593544482724,4.64677072378771,7.49714168425769,-0.01740966,0.021685716,0.014660766,0.6141675,-32.873024,-23.935907,LYI
2884184371000,6.855643,-3.84337216687996,4.63824678951881,7.50640753109803,-0.026572637,0.015577064,0.015882496,0.613146,-32.858273,-23.93621,LYI
2884188742000,6.860014,-3.83533655270028,4.63021120330817,7.52783572370105,-0.030848695,0.013439035,0.015882496,0.61059046,-32.845684,-23.937363,LYI
2884193768000,6.86504,-3.82609679134886,4.62097147411697,7.55247495866394,-0.032375857,0.008246681,0.012217305,0.60530365,-32.840733,-23.93579,LYI
2884198722000,6.869994,-3.83010839437086,4.6160207,7.565677,-0.021991149,0.0067195175,0.011911872,0.5990259,-32.83826,-23.93394,LYI
2884203713000,6.874985,-3.84989225562914,4.6160207,7.565677,-0.024740042,0.006414085,0.013439035,0.5940355,-32.831974,-23.931467,LYI
2884208989000,6.880261,-3.86694854210239,4.62101759473492,7.56317860480962,-0.023518313,0.002443461,0.0125227375,0.5884395,-32.825623,-23.924673,LYI
2884213731000,6.885003,-3.87935877682638,4.62929108455092,7.55904194629259,-0.0290161,-0.0018325958,0.017104227,0.5812902,-32.817978,-23.916592,LYI
2884218703000,6.889975,-3.89617758998331,4.63357550200334,7.55769916460768,-0.0290161,-0.0021380284,0.011301007,0.57401264,-32.805885,-23.916454,LYI
2884223720000,6.894992,-3.92124374482471,4.62856227103506,7.56271229088063,-0.033292156,-0.0021380284,0.014049901,0.56431925,-32.793453,-23.91309,LYI
2884228660000,6.899932,-3.94332863425881,4.6274127585647,7.5638617793448,-0.024740042,0.015577064,0.018020526,0.5523425,-32.783325,-23.917496,LYI
2884233863000,6.905135,-3.96247671395907,4.63219977848977,7.55907485939091,-0.021685716,0.0067195175,0.009162978,0.54801446,-32.76969,-23.917324,LYI
2884238689000,6.909961,-3.9743748,4.63975522334101,7.55457344149735,-0.027183503,0.004886922,0.009162978,0.5391147,-32.75415,-23.924936,LYI
2884243730000,6.915002,-3.9743748,4.65425141578421,7.54974142780502,-0.029932396,0.004886922,0.008246681,0.536054454519888,-32.7466482466854,-23.929279280233,LYI
2884248645000,6.919917,-3.96847089084974,4.65947702190128,7.54799957728757,-0.0290161,0.01038471,0.008552114,0.5330707,-32.739334,-23.933514,LYI
2884253711000,6.924983,-3.94927371257296,4.64507898785241,7.55279887185676,-0.0421497,0.021991149,0.010995574,0.53309214,-32.718433,-23.944027,LYI
2884258777000,6.930049,-3.9360676,4.6338125839464,7.55065350734778,-0.03023783,0.02443461,0.0030543262,0.531955,-32.70113,-23.956755,LYI
2884263719000,6.934991,-3.9360676,4.62955603699074,7.53362723063225,-0.042455133,0.030848695,0.010995574,0.52349305,-32.67762,-23.969528,LYI
2884268718000,6.93999,-3.93525388496732,4.62641121078431,7.51942043856209,-0.032375857,0.032986723,-0.00030543262,0.51896596,-32.65929,-23.983809,LYI
2884273720000,6.944992,-3.92515412667088,4.63651091635041,7.53962006061564,-0.034513887,0.021991149,0.0036651916,0.510104,-32.638622,-23.992142,LYI
2884278732000,6.950004,-3.9160638044436,4.64220042220845,7.56290198220654,-0.031154128,0.02321288,0.00030543262,0.5070809,-32.6202,-24.00677,LYI
2884283861000,6.955133,-3.91137996662535,4.62814895766187,7.6003727825689,-0.042455133,0.022602014,0.0030543262,0.50401366,-32.59945,-24.016376,LYI
2884288722000,6.959994,-3.90897484034673,4.61520187555162,7.63312441863672,-0.03359759,0.008857546,0.0030543262,0.499249457517938,-32.5935254259727,-24.019583424861,LYI
2884293756000,6.965028,-3.92796995902285,4.60570426662727,7.63787329747833,-0.03145956,0.012217305,0.0076358155,0.4943157,-32.58739,-24.022905,LYI
2884298840000,6.970112,-3.94594027703715,4.59657112605237,7.64140436888855,-0.03145956,0.00580322,0.0033597588,0.48583466,-32.569366,-24.030857,LYI
2884303721000,6.974993,-3.94955071658299,4.59296072420638,7.63057305025102,-0.02687807,-0.005192355,0.007330383,0.479735,-32.558773,-24.02863,LYI
2884308788000,6.98006,-3.95329873895111,4.58921274097474,7.61932898314667,-0.02687807,-0.0012217305,0.005192355,0.47210094,-32.544304,-24.035519,LYI
2884313723000,6.984995,-3.95745632886402,4.59399568659207,7.6135616,-0.027488936,-0.00580322,0.0070249503,0.46622,-32.532207,-24.036367,LYI
2884318744000,6.990016,-3.96226051637526,4.60840824912579,7.6135616,-0.022602014,-0.0021380284,0.008552114,0.45887044,-32.521423,-24.040262,LYI
2884323731000,6.995003,-3.96714225285669,4.60898794142992,7.6135616,-0.025961773,0.00030543262,0.004886922,0.4617606,-32.513615,-24.041544,LYI
2884328717000,6.999989,-3.97214801077681,4.59397066766957,7.6135616,-0.022602014,-0.0027488936,0.0033597588,0.46409348,-32.509224,-24.041758,LYI
2884334010000,7.005282,-3.97718935223167,4.57603206168403,7.61074710654688,-0.017104227,-0.0030543262,0.01038471,0.4659615,-32.50795,-24.041378,LYI
2884338750000,7.010022,-3.98152788152538,4.55867789920673,7.60640866785817,-0.02321288,0.008246681,0.009773844,0.46855053,-32.50325,-24.044546,LYI
2884343728000,7.015,-3.99071613435732,4.55349271311641,7.59722032437348,-0.022296581,0.01282817,0.0033597588,0.4717295,-32.50314,-24.047653,LYI
2884348728000,7.02,-4.00523230250606,4.56317020907437,7.58270385307195,-0.014660766,0.017104227,0.0033597588,0.47151822,-32.503822,-24.05224,LYI
2884353714000,7.024986,-4.00132907749584,4.57494842979328,7.58887755442343,-0.018325957,0.012217305,0.0030543262,0.47145703,-32.497948,-24.060652,LYI
2884358875000,7.030147,-3.97711732830411,4.58947542874498,7.61793175458019,-0.027488936,0.018936822,0.01282817,0.466129,-32.493885,-24.07078,LYI
2884363729000,7.035001,-3.964798,4.59882925455214,7.632715,-0.024129177,0.009468411,0.003970624,0.47217607,-32.486782,-24.081999,LYI
2884368741000,7.040013,-3.964798,4.6032434465698,7.632715,-0.015577064,0.0015271631,0.008552114,0.4710127,-32.481945,-24.090897,LYI
2884373720000,7.044992,-3.964798,4.60926500936268,7.6313045174113,-0.018325957,0.007941248,0.010079277,0.4707358,-32.47658,-24.094696,LYI
2884378707000,7.049979,-3.964798,4.61972476675427,7.62607472063075,-0.013439035,0.004276057,0.01863139,0.47087827,-32.476772,-24.092367,LYI
2884384429000,7.055701,-3.96036954461149,4.62116906773224,7.6231384,-0.0076358155,0.0021380284,0.012217305,0.46748623,-32.473343,-24.096148,LYI
2884388761000,7.060033,-3.95380415489793,4.61460371229625,7.6231384,-0.01863139,0.0015271631,0.016187929,0.4599056,-32.469444,-24.096142,LYI
2884393712000,7.064984,-3.9463006358601,4.60710023243393,7.6231384,-0.009468411,0.005497787,0.01740966,0.4518231,-32.474903,-24.098236,LYI
2884398728000,7.07,-3.96706065568459,4.6235769150971,7.6102884676881,-0.01160644,-0.0106901415,0.0125227375,0.44837588,-32.474277,-24.095789,LYI
2884403643000,7.074915,-3.99002833988484,4.64195096652679,7.59650766530692,-0.0125227375,-0.009468411,0.008246681,0.44080853,-32.476254,-24.097889,LYI
2884408968000,7.08024,-3.98186392387543,4.64086288189158,7.59051944129181,-0.0067195175,-0.010079277,0.005497787,0.43574372,-32.47933,-24.095512,LYI
2884413729000,7.085001,-3.96972787255789,4.63681757369355,7.58647409085263,-0.012217305,-0.003970624,0.013133603,0.42783898,-32.47999,-24.09394,LYI
2884418731000,7.090003,-3.97335160186317,4.62091829689471,7.58197959937894,-0.008552114,-0.003970624,0.0106901415,0.424954780516723,-32.4834131592229,-24.0972900276387,LYI
2884423715000,7.094987,-3.9872470228821,4.59775926186317,7.57734779237263,-0.002443461,-0.0018325958,0.0030543262,0.42208096,-32.486824,-24.100628,LYI
2884428717000,7.099989,-3.98115802917019,4.58976434833192,7.575254,-0.01160644,-0.0067195175,0.009773844,0.41068622,-32.490562,-24.10279,LYI
2884433981000,7.105253,-3.95747027651537,4.59450184939385,7.575254,-0.0070249503,-0.004581489,-0.0012217305,0.4027224,-32.499954,-24.109373,LYI
2884438723000,7.109995,-3.93531935144839,4.59273700214198,7.57318894716442,-0.004886922,0.0018325958,0.0030543262,0.3957529,-32.506275,-24.114864,LYI
2884443737000,7.115009,-3.91083032900857,4.58294144430845,7.56829104039168,-0.01038471,-0.002443461,0.006414085,0.39363194,-32.509804,-24.120218,LYI
2884448716000,7.119988,-3.89554533819424,4.58214360048207,7.56789210806468,-0.011911872,0.0061086523,0.01863139,0.3878013,-32.52211,-24.120264,LYI
2884453714000,7.124986,-3.89073818278598,4.59175786110274,7.57269936386462,-0.009162978,0.0061086523,0.016187929,0.38736948,-32.53201,-24.119305,LYI
2884459063000,7.130335,-3.8881836,4.60440218080444,7.58027743638489,-0.007941248,0.010995574,0.007330383,0.38708302,-32.546036,-24.114145,LYI
2884463748000,7.13502,-3.8881836,4.61751110099338,7.58901668609272,-0.0106901415,0.014049901,0.012217305,0.38439107,-32.560623,-24.106874,LYI
2884468680000,7.139952,-3.8881836,4.62757303546823,7.59835875344984,-0.004886922,0.008857546,0.008246681,0.39476857,-32.573235,-24.097324,LYI
2884473746000,7.145018,-3.8881836,4.63247414353975,7.60816117430043,-0.003970624,0.0143553335,0.017104227,0.39803278,-32.585796,-24.088284,LYI
2884478697000,7.149969,-3.89021003887147,4.6372007177116,7.6135616,-0.014049901,0.019242255,0.01160644,0.4090315,-32.586033,-24.080345,LYI
2884483894000,7.155166,-3.89508568832288,4.64207631625196,7.6135616,-0.01282817,0.011301007,0.0076358155,0.41860154,-32.590435,-24.069273,LYI
2884488710000,7.159982,-3.90333072422299,4.64103746990627,7.60613442348298,-0.020463986,0.00061086525,0.011911872,0.41701257,-32.58766,-24.061714,LYI
2884493708000,7.16498,-3.9174989076665,4.63159206359151,7.58724331496793,-0.017104227,0.002443461,0.018936822,0.41489014,-32.587692,-24.055542,LYI
2884498649000,7.169921,-3.93158798960987,4.62389843679671,7.57185587359342,-0.020463986,0.007941248,0.016798794,0.4196972,-32.584595,-24.047596,LYI
2884503713000,7.174985,-3.94617937919968,4.61903464026677,7.56212828053355,-0.004581489,0.011911872,0.009468411,0.42387924,-32.58728,-24.039679,LYI
2884508671000,7.179943,-3.94711432744186,4.61439934241861,7.55447902548837,-0.019547688,0.008246681,0.014966198,0.42448634,-32.57936,-24.035679,LYI
2884513725000,7.184997,-3.92460216595349,4.60989695713488,7.5499765931907,-0.026572637,-0.0021380284,0.016493361,0.4284813,-32.57574,-24.03297,LYI
2884518663000,7.189935,-3.90639303349424,4.60833232315262,7.54180276747122,-0.028405234,-0.00030543262,0.0125227375,0.4353655,-32.57317,-24.03396,LYI
2884523718000,7.19499,-3.90189890761233,4.61732052798923,7.51933213806164,-0.0125227375,0.006414085,0.0076358155,0.44298315,-32.57329,-24.033697,LYI
2884528784000,7.200056,-3.89737885048468,4.62368975242342,7.49978424854595,-0.014966198,0.0143553335,0.00580322,0.45030352,-32.56631,-24.030254,LYI
2884533924000,7.205196,-3.89260716068244,4.59983130341218,7.5140993179527,-0.013133603,0.01038471,0.013133603,0.45735496,-32.5649,-24.025026,LYI
2884538974000,7.210246,-3.8881836,4.5777135,7.52761665145491,-0.02107485,0.00580322,0.012217305,0.4636763,-32.56265,-24.02357,LYI
2884543796000,7.215068,-3.8881836,4.5777135,7.53178982098319,-0.020463986,0.0070249503,0.0067195175,0.4689284,-32.563175,-24.022175,LYI
2884548650000,7.219922,-3.8881836,4.5777135,7.53599068470992,-0.02687807,0.013133603,0.006414085,0.47916514,-32.55946,-24.017324,LYI
2884553775000,7.225047,-3.88451879885769,4.58870794169443,7.54794125035697,-0.016187929,0.014049901,0.0067195175,0.49112386,-32.55942,-24.012602,LYI
2884558678000,7.22995,-3.88004901776297,4.60211733165159,7.56135040694907,-0.02565634,0.010995574,0.0021380284,0.5037919,-32.551956,-24.00941,LYI
2884563704000,7.234976,-3.8786068,4.61668061837368,7.55544048851645,-0.027183503,0.011911872,-0.0009162979,0.5189441,-32.545395,-24.00597,LYI
2884568738000,7.24001,-3.8786068,4.63164320167598,7.54047806145251,-0.02687807,0.01282817,-0.004276057,0.53555024,-32.53635,-24.00285,LYI
2884573785000,7.245057,-3.86777112627052,4.63156240875684,7.536947,-0.02443461,0.009773844,0.005497787,0.5417505,-32.534115,-23.99684,LYI
2884578791000,7.250063,-3.8537147949179,4.62687696497264,7.536947,-0.025961773,0.005497787,0.005497787,0.546250338821543,-32.5315856971289,-23.9951331315444,LYI
2884584443000,7.255715,-3.8566548255038,4.6222082872481,7.55389299297985,-0.027183503,0.005497787,0.004886922,0.55133086,-32.52873,-23.993206,LYI
2884588811000,7.260083,-3.86356454839775,4.61875342580112,7.57116722806409,-0.03023783,0.0061086523,-0.0009162979,0.55946213,-32.52262,-23.98988,LYI
2884593730000,7.265002,-3.86903,4.61453123980665,7.58632027574631,-0.014966198,0.0070249503,0.003970624,0.56288123,-32.525436,-23.981783,LYI
2884598783000,7.270055,-3.86903,4.60939036387974,7.5914612053543,-0.023823744,0.009773844,0.004886922,0.56818503,-32.52003,-23.976091,LYI
2884603678000,7.27495,-3.87444046345737,4.606444,7.59981813878474,-0.025045475,-0.00061086525,0.0018325958,0.5753607,-32.512993,-23.969408,LYI
2884609122000,7.280394,-3.88917511231277,4.606444,7.6145529927838,-0.024740042,0.004886922,0.00061086525,0.57829833,-32.50463,-23.966671,LYI
2884613696000,7.284968,-3.90036246852713,4.59993882868217,7.62183736573643,-0.022907447,0.00030543262,-0.005192355,0.586451,-32.49434,-23.96087,LYI
2884618799000,7.290071,-3.90983347829457,4.57626130426357,7.61710186085271,-0.026267206,0.0015271631,0.0009162979,0.5896727,-32.48448,-23.95599,LYI
2884623646000,7.294918,-3.92101663910336,4.55856,7.61766426052304,-0.0143553335,0.01160644,0.008552114,0.5887841,-32.477512,-23.9567,LYI
2884628788000,7.30006,-3.94145827696139,4.55856,7.63810600510585,-0.02107485,0.0143553335,0.008552114,0.590295269976581,-32.4691748149883,-23.9571084297424,LYI
2884633894000,7.305166,-3.94976202552011,4.55856,7.64640979701803,-0.03268129,0.013439035,-0.00030543262,0.59179586,-32.460896,-23.957514,LYI
2884638759000,7.310031,-3.93360698668516,4.55856,7.63025467383842,-0.01863139,0.026267206,-0.0030543262,0.583379,-32.44972,-23.967495,LYI
2884644096000,7.315368,-3.916914,4.55728459853936,7.6135616,-0.015577064,0.03023783,0.0018325958,0.57933056,-32.432686,-23.977112,LYI
2884648697000,7.319969,-3.916914,4.53835517234454,7.6135616,-0.015577064,0.024129177,-0.002443461,0.57800305,-32.417107,-23.988966,LYI
2884653704000,7.324976,-3.91577551241676,4.52196042543087,7.61470007569526,-0.028099801,0.019547688,-0.004886922,0.58547384,-32.396152,-23.99432,LYI
2884658725000,7.329997,-3.90635813819036,4.53608643760282,7.62411735158637,-0.016187929,0.02687807,-0.0021380284,0.59150565,-32.38189,-24.00074,LYI
2884663774000,7.335046,-3.89731547922869,4.55031776695974,7.63227008852033,-0.016493361,0.0290161,-0.005192355,0.5991344,-32.35644,-24.008825,LYI
2884668722000,7.339994,-3.89258113949445,4.56452083559796,7.62753584765711,-0.015271631,0.028099801,-0.0067195175,0.6048265,-32.335506,-24.016949,LYI
2884673739000,7.345011,-3.88975623102877,4.57732034224281,7.62510418878596,-0.013744468,0.027183503,-0.004276057,0.6131508,-32.313934,-24.020554,LYI
2884678730000,7.350002,-3.90839993997075,4.57265941500731,7.64840882496343,-0.015882496,0.020158553,0.0027488936,0.6217863,-32.292747,-24.021904,LYI
2884684118000,7.35539,-3.92895159962282,4.57158181947195,7.66905375002357,-0.011911872,0.02107485,0.0027488936,0.625719734006801,-32.2821849463893,-24.0236182656531,LYI
2884688728000,7.36,-3.94976680377181,4.60072310528053,7.65240149976426,-0.014049901,0.01863139,-0.0015271631,0.6290852,-32.273148,-24.025085,LYI
2884693709000,7.364981,-3.97225715775578,4.63220960085809,7.63440912264026,-0.013133603,0.016493361,-0.0015271631,0.63475686,-32.25484,-24.024559,LYI
2884698788000,7.37006,-3.97880654543264,4.6396059991568,7.61055618028508,-0.0067195175,0.0021380284,0.0067195175,0.6413087,-32.237377,-24.02319,LYI
2884703644000,7.374916,-3.98347477879944,4.64427418377836,7.58721491596065,-0.0012217305,0.002443461,0.003970624,0.6482142,-32.218918,-24.026474,LYI
2884708627000,7.379899,-3.9839516,4.63666844996708,7.61312012600395,-0.011911872,0.006414085,0.0027488936,0.65498245,-32.19829,-24.030243,LYI
2884713601000,7.384873,-3.9839516,4.62770865414276,7.64447985578858,-0.018020526,0.0067195175,0.004581489,0.6621198,-32.180676,-24.033102,LYI
2884718635000,7.389907,-3.99606346604083,4.6255975,7.62360772629625,-0.016187929,0.0012217305,0.0015271631,0.6675061,-32.169434,-24.039036,LYI
2884723593000,7.394865,-4.01161256801659,4.6255975,7.58732616362842,-0.0106901415,0.00580322,0.008552114,0.66795564,-32.159496,-24.045218,LYI
2884728603000,7.399875,-4.00840959287216,4.61705290879992,7.59337570347793,-0.015271631,0.014660766,0.006414085,0.67642546,-32.142532,-24.049822,LYI
2884733591000,7.404863,-4.00384528215173,4.6079245256545,7.60250442023696,-0.016187929,0.01740966,0.005192355,0.6830157,-32.12927,-24.052704,LYI
2884738895000,7.410167,-4.003105,4.59284277856767,7.59945099125856,-0.01282817,0.0143553335,0.0067195175,0.6942427,-32.11523,-24.05965,LYI
2884743567000,7.414839,-4.003105,4.57870598067404,7.59473844646656,-0.0061086523,0.006414085,0.0033597588,0.7072627,-32.10131,-24.066946,LYI
2884748633000,7.419905,-3.99417127198267,4.55984585739319,7.60780851852727,-0.004276057,0.013133603,0.0015271631,0.718125,-32.09411,-24.073675,LYI
2884753550000,7.424822,-3.98490003081315,4.54130318143335,7.62171571911794,-0.014049901,0.014660766,0.0012217305,0.7316476,-32.08543,-24.077671,LYI
2884759106000,7.430378,-3.97966953908504,4.54797046654278,7.6231384,-0.0027488936,0.017104227,0.00061086525,0.748287,-32.07214,-24.08506,LYI
2884763771000,7.435043,-3.97571628078931,4.55587702441377,7.6231384,0.01038471,0.015577064,0.0027488936,0.76444227,-32.057632,-24.09138,LYI
2884768770000,7.440042,-3.96771674590414,4.55856,7.62646735752519,0.0027488936,0.016493361,0.002443461,0.77912706,-32.040062,-24.097801,LYI
2884773752000,7.445024,-3.95800643398799,4.55856,7.63132241208914,-0.0061086523,0.010995574,0.005497787,0.793621,-32.026455,-24.10141,LYI
2884778709000,7.449981,-3.9552212,4.56811870411166,7.63590131233497,0.00580322,0.005192355,0.0106901415,0.8061984,-32.017853,-24.103477,LYI
2884783637000,7.454909,-3.9552212,4.58147054477556,7.64035203432667,0.00061086525,0.014660766,0.014049901,0.81642556,-32.003193,-24.107618,LYI
2884788761000,7.460033,-3.95253119935819,4.59536030192544,7.63691199871638,0.00061086525,0.012217305,0.01160644,0.821733023401469,-31.995747997817,-24.1083628561222,LYI
2884793715000,7.464987,-3.94805328834356,4.60879403496932,7.62795617668712,0.004276057,0.01282817,0.005497787,0.8268644,-31.98855,-24.109083,LYI
2884798720000,7.469992,-3.95245241377215,4.62282869007595,7.6185997715443,-0.006414085,0.013744468,0.005497787,0.8319193,-31.971012,-24.111347,LYI
2884803714000,7.474986,-3.96698199530127,4.63735822103291,7.60891348500253,-0.0018325958,0.015577064,0.010079277,0.8363899,-31.96325,-24.112555,LYI
2884809013000,7.480285,-3.9840427408492,4.644751,7.57981499644949,-0.008246681,0.014660766,0.0125227375,0.8402967,-31.952023,-24.112713,LYI
2884813766000,7.485038,-4.00070398916545,4.644751,7.53816161469619,-0.010995574,0.014660766,0.013744468,0.84280384,-31.943464,-24.112936,LYI
2884818700000,7.489972,-4.01730728035657,4.64629279231667,7.5051329119601,-0.0143553335,0.016798794,0.017104227,0.8388531,-31.939789,-24.116556,LYI
2884823718000,7.49499,-4.03260698822031,4.65139280144328,7.49493321322296,-0.016493361,0.015271631,0.019242255,0.8357116,-31.935717,-24.119196,LYI
2884828697000,7.499969,-4.03962012497986,4.65970488120469,7.48727068755034,-0.011301007,0.009468411,0.016798794,0.833266,-31.929335,-24.129593,LYI
2884833944000,7.505216,-4.03512272324353,4.67319722729795,7.48277319189117,-0.01740966,0.0070249503,0.017104227,0.8294559,-31.920376,-24.139286,LYI
2884838707000,7.509979,-4.02997808711464,4.68398745644268,7.47855722416135,-0.008552114,0.009162978,0.018325957,0.8241301,-31.920645,-24.1523,LYI
2884843750000,7.515022,-4.01988386569129,4.68903456715435,7.47351000804682,-0.008246681,-0.00030543262,0.016798794,0.82224864,-31.91687,-24.162096,LYI
2884848673000,7.519945,-4.01507552258795,4.68784841733472,7.47469607016882,-0.018020526,0.0018325958,0.013133603,0.82465416,-31.915653,-24.170416,LYI
2884853767000,7.525039,-4.02427748791851,4.66944434254456,7.49310009691597,-0.006414085,-0.00030543262,0.020158553,0.8272646,-31.920927,-24.173918,LYI
2884858879000,7.530151,-4.02944781594125,4.65273614673115,7.51060418405875,-0.01863139,0.004276057,0.028405234,0.83010316,-31.922548,-24.176481,LYI
2884863723000,7.534995,-4.01698399484148,4.6444269471252,7.52306800515852,-0.018325957,-0.0036651916,0.027183503,0.83626795,-31.929472,-24.176067,LYI
2884868690000,7.539962,-4.00420368943221,4.63590675834677,7.5358483105678,-0.020158553,-0.010079277,0.019547688,0.8414754,-31.930706,-24.1786,LYI
2884873787000,7.545059,-4.003105,4.62552101789337,7.52729351629614,-0.019547688,-0.019547688,0.018325957,0.8473733,-31.933102,-24.177721,LYI
2884878776000,7.550048,-4.00237284493726,4.61382421569886,7.51632868222936,-0.026267206,-0.021685716,0.019547688,0.8543741,-31.932287,-24.177965,LYI
2884884121000,7.555393,-3.99241516348604,4.58395091139967,7.4964132153487,-0.03023783,-0.022296581,0.021991149,0.8694776,-31.92821,-24.1709,LYI
2884888965000,7.560237,-3.98293002941437,4.55728303676796,7.47923060202002,-0.018936822,-0.018325957,0.028099801,0.87768763,-31.931206,-24.166357,LYI
2884893796000,7.565068,-3.96653399121113,4.53678798901391,7.47513150686631,-0.029321533,-0.020463986,0.02687807,0.8881726,-31.92698,-24.161257,LYI
2884898652000,7.569924,-3.9500531049526,4.51618688119075,7.47101119925578,-0.036957346,-0.010995574,0.022602014,0.89382553,-31.92782,-24.160769,LYI
2884903775000,7.575047,-3.95564212951133,4.510676,7.46324391658932,-0.040011674,-0.009162978,0.022907447,0.90026945,-31.927536,-24.157589,LYI
2884908678000,7.57995,-3.96846087108927,4.510676,7.45469817810538,-0.04550946,-0.007941248,0.021685716,0.9064894,-31.92388,-24.15751,LYI
2884913782000,7.585054,-3.9743748,4.50805360535697,7.46648963927161,-0.03145956,-0.007941248,0.01985312,0.908090257317917,-31.9211829856705,-24.1573728038344,LYI
2884918797000,7.590069,-3.9743748,4.50342612149533,7.49425396261682,-0.039095376,-0.009773844,0.01863139,0.9096632,-31.918533,-24.157238,LYI
2884923784000,7.595056,-3.96698920859318,4.50848461711336,7.52544944661591,-0.047036625,-0.0033597588,0.020463986,0.91011,-31.908934,-24.158545,LYI
2884928780000,7.600052,-3.95202027769319,4.52345360011471,7.56037695204922,-0.042760566,-0.008857546,0.016187929,0.9155505,-31.910551,-24.160492,LYI
2884934152000,7.605424,-3.94841627180585,4.53814514436117,7.58356978907923,-0.03573562,0.0033597588,0.01282817,0.9200102,-31.903666,-24.165339,LYI
2884938804000,7.610076,-3.9523912248394,4.55007004496788,7.59549489721627,-0.027794369,0.0036651916,0.014966198,0.92719704,-31.898354,-24.165937,LYI
2884943734000,7.615006,-3.94878695837226,4.56177710401744,7.59755062400083,-0.024740042,-0.00061086525,0.012217305,0.9278549,-31.89205,-24.166245,LYI
2884948782000,7.620054,-3.92871276075989,4.57181415042043,7.57747600716288,-0.03023783,-0.014049901,0.007941248,0.9300535,-31.885664,-24.164326,LYI
2884953685000,7.624957,-3.90809518112633,4.5777135,7.56920456438356,-0.019547688,-0.009773844,0.008857546,0.9336162,-31.886425,-24.162138,LYI
2884959133000,7.630405,-3.88327858751903,4.5777135,7.57913130547945,-0.026267206,-0.0015271631,0.012217305,0.9391981,-31.881159,-24.158226,LYI
2884963700000,7.634972,-3.86622641639711,4.58332066720578,7.5848308,-0.030543262,-0.004276057,0.00580322,0.9436491,-31.878887,-24.152847,LYI
2884968731000,7.640003,-3.85642458936019,4.60292432127963,7.5848308,-0.02565634,-0.004886922,0.009468411,0.9427861,-31.878996,-24.147762,LYI
2884973650000,7.644922,-3.84758935916616,4.61830774083384,7.5894049294298,-0.026267206,-0.003970624,0.0009162979,0.94932,-31.878593,-24.13809,LYI
2884978773000,7.650045,-3.84006913439608,4.62582796560392,7.60444553602085,-0.014049901,-0.008246681,0.0030543262,0.9531141,-31.884388,-24.125008,LYI
2884985522000,7.656794,-3.83173647071211,4.63449851952526,7.62516573436778,-0.017104227,-0.0076358155,0.0012217305,0.956132,-31.88615,-24.113325,LYI
2884988706000,7.659978,-3.84018549570518,4.62886583619655,7.64206372553801,-0.007941248,-0.0125227375,-0.0021380284,0.9606704,-31.893799,-24.099625,LYI
2884993688000,7.66496,-3.85340567237462,4.62005238508359,7.6685039868477,-0.014966198,-0.0027488936,0.0061086523,0.96263725,-31.908482,-24.081276,LYI
2884998752000,7.670024,-3.8594532,4.60747400442213,7.69199465359966,-0.022296581,-0.007941248,0.005192355,0.97123176,-31.922922,-24.060978,LYI
2885003766000,7.675038,-3.8594532,4.59208688355052,7.71251092187567,-0.015271631,-0.003970624,0.0036651916,0.97433615,-31.939587,-24.044363,LYI
2885009162000,7.680434,-3.8594532,4.57748151404649,7.71236725488554,-0.026267206,-0.009162978,0.0106901415,0.9838783,-31.939363,-24.024603,LYI
2885013783000,7.685055,-3.8594532,4.5656562075265,7.70448377208515,-0.0290161,-0.01740966,0.011911872,0.99484533,-31.941715,-24.006754,LYI
2885018783000,7.690055,-3.86404025959781,4.55856,7.699753,-0.020463986,-0.0061086523,0.009773844,0.99913496,-31.941792,-23.993164,LYI
2885023786000,7.695058,-3.87434518064308,4.55856,7.699753,-0.020158553,-0.008552114,0.0070249503,1.0069731,-31.939157,-23.974825,LYI
2885028766000,7.700038,-3.88955010315996,4.55856,7.69154546549558,-0.023823744,0.005497787,0.011911872,1.0085316,-31.930132,-23.96522,LYI
2885033998000,7.70527,-3.90921872635918,4.55856,7.67679389540726,-0.028710667,0.003970624,0.015882496,1.0140448,-31.92055,-23.952316,LYI
2885038702000,7.709974,-3.92444970313919,4.55856,7.67604620209279,-0.036957346,0.0033597588,0.01740966,1.0167468,-31.906763,-23.944942,LYI
2885043690000,7.714962,-3.93859651806515,4.55856,7.68547741204344,-0.03634648,0.004886922,0.015271631,1.0191174,-31.89432,-23.937809,LYI
2885048728000,7.72,-3.95050563280644,4.55856,7.6780229179839,-0.025350908,0.008246681,0.015882496,1.0208564,-31.882038,-23.93537,LYI
2885053713000,7.724985,-3.95999769921463,4.55856,7.65429275196342,-0.018020526,0.009162978,0.013133603,1.0240588,-31.868616,-23.93364,LYI
2885058975000,7.730247,-3.97714281226486,4.56349789912528,7.6398229859857,-0.017715093,0.0009162979,0.01038471,1.031907,-31.855043,-23.931492,LYI
2885063721000,7.734993,-3.99851766779534,4.57204779669865,7.63554792560196,-0.014049901,0.004276057,0.009773844,1.0375177,-31.84432,-23.932383,LYI
2885068726000,7.739998,-4.01082355242566,4.5832887456964,7.63085663004695,-0.018325957,0.01282817,0.006414085,1.0430151,-31.827082,-23.938736,LYI
2885073778000,7.74505,-4.00577576901408,4.59843183239437,7.62580905746479,-0.015882496,0.0076358155,0.01282817,1.0479578,-31.814058,-23.941021,LYI
2885078756000,7.750028,-4.00101068662239,4.60016090678368,7.61894972950664,-0.018325957,0.0061086523,0.003970624,1.0602697,-31.792057,-23.952694,LYI
2885083980000,7.755252,-3.99626418203036,4.58592104606262,7.60945662119545,-0.008552114,0.008552114,0.0036651916,1.0688273,-31.77626,-23.961418,LYI
2885088751000,7.760023,-3.98356377215489,4.58269583126416,7.60232412464282,-0.004276057,0.009773844,-0.0015271631,1.0797422,-31.756691,-23.970749,LYI
2885093778000,7.76505,-3.9551023038723,4.59692661493743,7.59758024940388,-0.002443461,0.013133603,0.0067195175,1.0863242,-31.7412,-23.978794,LYI
2885098673000,7.769945,-3.92540805837569,4.60796677575978,7.59136201667877,0.005497787,0.009773844,0.00580322,1.0934045,-31.731491,-23.989065,LYI
2885103768000,7.77504,-3.88998055375998,4.61302779500052,7.58123987250285,0.0030543262,0.008552114,0.004581489,1.0975056,-31.720884,-23.99907,LYI
2885108639000,7.779911,-3.86903,4.6160207,7.57025249309473,-0.0027488936,0.0076358155,0.0061086523,1.0952532,-31.71272,-24.003778,LYI
2885113789000,7.785061,-3.86903,4.6160207,7.55638932809894,0.0036651916,0.0036651916,0.0009162979,1.0959092,-31.706053,-24.00863,LYI
2885118662000,7.789934,-3.87021350633248,4.6160207,7.54297305628645,0.0015271631,0.009162978,0.0036651916,1.0875432,-31.703123,-24.008251,LYI
2885123779000,7.795051,-3.87522675294118,4.6160207,7.52793321176471,0.0021380284,0.0036651916,-0.005497787,1.0863931,-31.700098,-24.00716,LYI
2885128645000,7.799917,-3.88239507138467,4.62107174169848,7.52410678564112,-0.0030543262,0.005192355,0.00030543262,1.0826252,-31.701075,-24.004852,LYI
2885134155000,7.805427,-3.89713615565695,4.6407265720365,7.54867525942825,-0.0012217305,0.004581489,0.0009162979,1.0839369,-31.701859,-24.003172,LYI
2885138737000,7.810009,-3.90465087528725,4.654328,7.56836338081342,0.00580322,0.0106901415,0.0012217305,1.080241,-31.701523,-24.005795,LYI
2885143801000,7.815073,-3.88696095546234,4.654328,7.58605367007113,0.0036651916,0.003970624,0.004886922,1.0780656,-31.69982,-24.004555,LYI
2885149134000,7.820406,-3.8693529677093,4.65465097445409,7.60269311904561,-0.014660766,0.004886922,0.0076358155,1.072678,-31.699566,-24.00645,LYI
2885153774000,7.825046,-3.87684581856505,4.66214398178906,7.5727214809038,-0.008857546,0.0018325958,0.009162978,1.0687653,-31.704927,-24.005417,LYI
2885158640000,7.829912,-3.8847036229323,4.67000195025715,7.54129001728353,-0.01160644,0.0018325958,0.009162978,1.06201392558209,-31.7019778354152,-24.0042465730988,LYI
2885163781000,7.835053,-3.89097511940648,4.673482,7.54132759703241,-0.012217305,0.00580322,0.016187929,1.054881,-31.698862,-24.00301,LYI
2885168739000,7.840011,-3.89561020085904,4.673482,7.5645030042952,-0.015882496,0.0021380284,0.018325957,1.0440092,-31.693796,-23.998594,LYI
2885173775000,7.845047,-3.89227131970252,4.66250369611396,7.58074308029748,-0.015882496,0.0070249503,0.013744468,1.0309947,-31.699415,-23.99954,LYI
2885178768000,7.85004,-3.88225414940819,4.64246909402954,7.59076025059181,-0.018936822,0.010995574,0.02565634,1.0143647,-31.70561,-23.996286,LYI
2885184024000,7.855296,-3.88471590815475,4.62601066966323,7.59135304592263,-0.015882496,0.0027488936,0.022907447,1.0042807,-31.704535,-23.994652,LYI
2885188739000,7.860011,-3.89309416439373,4.61344332904722,7.58716391780314,-0.03268129,0.013133603,0.022907447,0.98673004,-31.699636,-23.995768,LYI
2885193734000,7.865006,-3.9025196698133,4.606444,7.56341408584015,-0.032986723,0.009162978,0.022296581,0.9718312,-31.704273,-23.990627,LYI
2885198721000,7.869993,-3.91253844505979,4.606444,7.51832959723096,-0.032070424,0.01038471,0.025045475,0.9536636,-31.70533,-23.98845,LYI
2885203716000,7.874988,-3.91923767317829,4.59714928302326,7.4986396,-0.03390302,0.0033597588,0.03634648,0.937668,-31.702469,-23.98523,LYI
2885209127000,7.880399,-3.92370107238587,4.57929563958656,7.4986396,-0.030848695,0.018020526,0.0290161,0.9219662,-31.698914,-23.98983,LYI
2885213672000,7.884944,-3.92759683956306,4.56592460932473,7.5063818538431,-0.036957346,0.0012217305,0.031154128,0.9152374,-31.698843,-23.983648,LYI
2885218712000,7.889984,-3.93238999467726,4.55633824904667,7.5399338395432,-0.03634648,0.004886922,0.018325957,0.90819407,-31.698038,-23.989212,LYI
2885223687000,7.894959,-3.93495158249895,4.55344708165755,7.56679304080774,-0.02687807,0.005497787,0.025045475,0.9028646,-31.702364,-23.986902,LYI
2885228712000,7.899984,-3.92989022153976,4.57369257834455,7.5718545074674,-0.021685716,0.0027488936,0.021685716,0.90343535,-31.702538,-23.988394,LYI
2885233664000,7.904936,-3.93034678645106,4.58343432697021,7.57396864434043,-0.019547688,0.0036651916,0.0125227375,0.91220206,-31.69906,-23.986961,LYI
2885238725000,7.909997,-3.94272164214468,4.57105951434894,7.56984360629787,-0.027488936,-0.0027488936,0.0067195175,0.92264616,-31.694256,-23.983309,LYI
2885244093000,7.915365,-3.95436390100533,4.55877432251071,7.56631997872192,-0.02321288,0.0015271631,0.008857546,0.9366705,-31.69803,-23.97709,LYI
2885248719000,7.919991,-3.93887224026576,4.56264719725501,7.57793880515779,-0.02565634,0.007941248,0.0070249503,0.9535947,-31.696617,-23.971827,LYI
2885253705000,7.924977,-3.92217500281493,4.56682146302999,7.59046182042137,-0.029626964,0.010079277,0.008857546,0.9690849,-31.690712,-23.97095,LYI
2885258749000,7.930021,-3.92656676958499,4.57135428986166,7.5976253914482,-0.02687807,-0.00061086525,0.003970624,0.9876546,-31.684734,-23.970081,LYI
2885263744000,7.935016,-3.940449748012,4.57598194933733,7.60225334085325,-0.024740042,-0.0036651916,0.0021380284,1.0029588,-31.678322,-23.970783,LYI
2885268693000,7.939965,-3.94257663671347,4.58078126328653,7.603985,-0.02687807,-0.00030543262,0.008552114,1.020955,-31.67705,-23.96259,LYI
2885273722000,7.944994,-3.93756761672387,4.58579028327613,7.603985,-0.025961773,-0.0033597588,0.0030543262,1.0437298,-31.675068,-23.954834,LYI
2885278715000,7.949987,-3.94185016304762,4.5930728932381,7.59820225580952,-0.032070424,-0.006414085,0.005497787,1.0711154,-31.669458,-23.945005,LYI
2885283740000,7.955012,-3.95018322278788,4.60140599648485,7.5898689350303,-0.03268129,-0.012217305,0.0030543262,1.1015666,-31.664013,-23.935978,LYI
2885288808000,7.96008,-3.95319314825788,4.60441590590444,7.5848308,-0.03359759,-0.014049901,0.009468411,1.1263717,-31.658295,-23.925325,LYI
2885293794000,7.965066,-3.94821193348633,4.5994345871062,7.5848308,-0.02565634,-0.008246681,0.011301007,1.1520107,-31.653746,-23.916723,LYI
2885298773000,7.970045,-3.9456444,4.58753431765777,7.59183044575243,-0.033292156,-0.012217305,0.007330383,1.1731782,-31.648073,-23.909819,LYI
2885303779000,7.975051,-3.9456444,4.56814062408981,7.60637599437702,-0.030848695,-0.008857546,0.009162978,1.1896647,-31.647837,-23.905031,LYI
2885309124000,7.980396,-3.96161370938649,4.56122153303658,7.61622316082833,-0.025350908,-0.011301007,0.013133603,1.2099977,-31.643072,-23.89752,LYI
2885313725000,7.984997,-3.98719685440294,4.56548536085736,7.62048703317205,-0.037873644,-0.012217305,0.009468411,1.2305076,-31.633627,-23.8924,LYI
2885318815000,7.990087,-4.00746640772295,4.5681367,7.62749976218204,-0.034513887,-0.01160644,0.013744468,1.2480181,-31.625805,-23.886265,LYI
2885323767000,7.995039,-4.01715581599755,4.5681367,7.63718906928185,-0.032375857,-0.013744468,0.0106901415,1.2685418,-31.613295,-23.88132,LYI
2885328772000,8.000044,-4.01809258778584,4.57021978435572,7.63812583128857,-0.038789943,-0.012217305,0.01160644,1.2870438,-31.603197,-23.880762,LYI
2885334180000,8.005452,-4.00869297341198,4.57491954246824,7.62872631506352,-0.029321533,-0.004581489,0.009162978,1.3060919,-31.59686,-23.88236,LYI
2885338771000,8.010043,-4.00170731209164,4.57911121709801,7.62034299499364,-0.03359759,-0.004886922,0.008857546,1.327227,-31.577137,-23.884031,LYI
2885343801000,8.015073,-3.99659803143827,4.58422060445482,7.61012432698345,-0.029321533,-0.0076358155,0.0125227375,1.3466358,-31.56254,-23.8867,LYI
2885348698000,8.01997,-3.98441620066985,4.58546786013397,7.60580740180656,-0.034208454,-0.0061086523,0.018325957,1.3598785,-31.553019,-23.889078,LYI
2885353769000,8.025041,-3.95977195384147,4.58053901076829,7.61073614823911,-0.03573562,-0.0033597588,0.017715093,1.3738894,-31.54514,-23.89162,LYI
2885358672000,8.029944,-3.93251189930317,4.57583742847188,7.61168556765139,-0.034208454,0.005192355,0.017715093,1.3867321,-31.536552,-23.893736,LYI
2885363726000,8.034998,-3.89925956537442,4.57108709505349,7.60693533343802,-0.034208454,-0.0036651916,0.013744468,1.4031063,-31.526722,-23.893248,LYI
2885368707000,8.039979,-3.87510288390108,4.57164061609892,7.60573692146191,-0.035430185,-0.007330383,0.015882496,1.413444,-31.521046,-23.890196,LYI
2885373784000,8.045056,-3.86544523893137,4.58129826106863,7.61056564310259,-0.030543262,-0.004276057,0.024129177,1.4233513,-31.517256,-23.886461,LYI
2885378644000,8.049916,-3.86544691507,4.584293442465,7.61655842624211,-0.03268129,0.003970624,0.024129177,1.4256333,-31.50537,-23.88228,LYI
2885384638000,8.05591,-3.88645646368378,4.57378866815811,7.62706309085918,-0.032986723,0.003970624,0.017715093,1.42668688637445,-31.5002622608092,-23.8788259010313,LYI
2885388728000,8.06,-3.89475325525002,4.56964027237499,7.63196322951266,-0.029932396,0.004886922,0.020463986,1.4274058,-31.496777,-23.876469,LYI
2885393728000,8.065,-3.87737091565478,4.57833144217261,7.62761773536619,-0.027183503,-0.010995574,0.01985312,1.4221979,-31.493793,-23.867525,LYI
2885399103000,8.070375,-3.85989788385335,4.58706795807333,7.62469479348671,-0.032070424,-0.0009162979,0.023518313,1.4153955,-31.494839,-23.866516,LYI
2885403722000,8.074994,-3.86919197760269,4.58242091119866,7.65722412160941,-0.029321533,0.005497787,0.019547688,1.4142468,-31.497166,-23.862408,LYI
2885409025000,8.080297,-3.87912339087137,4.5761637219917,7.68965939834025,-0.025350908,-0.005497787,0.018936822,1.4008948,-31.498705,-23.856218,LYI
2885413758000,8.08503,-3.88304169951591,4.5644087551435,7.68574100786653,-0.022296581,-0.007330383,0.01160644,1.3878582,-31.49913,-23.855328,LYI
2885418669000,8.089941,-3.88710736901798,4.55221170418396,7.68167525345782,-0.018936822,-0.011301007,0.013744468,1.3748356,-31.505203,-23.849277,LYI
2885423778000,8.09505,-3.88155303902572,4.548983,7.67065329700991,-0.023823744,-0.016493361,0.012217305,1.3654579,-31.50819,-23.844313,LYI
2885428779000,8.100051,-3.87284749021176,4.548983,7.65759515559393,-0.019547688,-0.01160644,0.01985312,1.352334,-31.515562,-23.838972,LYI
2885434135000,8.105407,-3.8744992458969,4.55171768005778,7.65460356583913,-0.018936822,-0.006414085,0.013133603,1.3461226,-31.514925,-23.837187,LYI
2885438762000,8.110034,-3.88249994168096,4.55571811149228,7.65860383018868,-0.021991149,-0.00061086525,0.009773844,1.3363284,-31.515743,-23.834902,LYI
2885443714000,8.114986,-3.8881836,4.56023123000734,7.6614456,-0.010995574,-0.00580322,0.0061086523,1.3254133,-31.52659,-23.831892,LYI
2885448726000,8.119998,-3.8881836,4.56526198363903,7.6614456,-0.011301007,-0.00061086525,0.0106901415,1.3107127,-31.534092,-23.831793,LYI
2885453688000,8.12496,-3.8881836,4.57001254038839,7.65394223844646,-0.006414085,-0.00061086525,0.013744468,1.3001304,-31.54431,-23.831236,LYI
2885458714000,8.129986,-3.8881836,4.574506331519,7.635967073924,-0.005192355,0.008857546,0.007330383,1.2885481,-31.552408,-23.834837,LYI
2885463693000,8.134965,-3.88414637843731,4.58309646208359,7.62986710260448,-0.012217305,0.010079277,0.007330383,1.273352,-31.558825,-23.836103,LYI
2885468742000,8.140014,-3.86950274936402,4.60262130084797,7.65427315105996,-0.015271631,0.008552114,0.00061086525,1.2607896,-31.564373,-23.840885,LYI
2885473647000,8.144919,-3.86498770065215,4.61463708928464,7.66687152451089,-0.01038471,0.014049901,0.012217305,1.2409976,-31.57933,-23.84495,LYI
2885478717000,8.149989,-3.8844737550316,4.60976562655764,7.6522569837263,-0.014966198,0.023823744,0.01038471,1.2263632,-31.587875,-23.85274,LYI
2885483642000,8.154914,-3.8922932631538,4.61054433836282,7.63272445343185,-0.020463986,0.018020526,0.009468411,1.2086262,-31.59612,-23.851326,LYI
2885488739000,8.160011,-3.8733109767062,4.62478100364573,7.59950525393739,-0.018020526,0.012217305,0.017104227,1.1879606,-31.605726,-23.85088,LYI
2885493701000,8.164973,-3.86188313432836,4.63638925447761,7.58011391940298,-0.016187929,0.014966198,0.008552114,1.1690962,-31.611061,-23.860128,LYI
2885498730000,8.170002,-3.87173014459211,4.64131270819873,7.5998081455735,-0.015271631,0.019547688,0.008246681,1.1474649,-31.618557,-23.865538,LYI
2885503698000,8.17497,-3.87984514998224,4.63608256305506,7.6135616,-0.014966198,0.013439035,0.00580322,1.1267629,-31.636263,-23.867744,LYI
2885508716000,8.179988,-3.88411303474245,4.6062074142984,7.6135616,-0.011301007,0.0125227375,0.011911872,1.1028819,-31.655416,-23.87062,LYI
2885513787000,8.185059,-3.88772290492025,4.57679210984049,7.61240984786902,-0.025961773,0.0106901415,0.013133603,1.0816932,-31.666365,-23.87395,LYI
2885518736000,8.190008,-3.87972297527218,4.56079225054435,7.59240977314541,-0.019547688,0.015577064,0.010079277,1.0596434,-31.683113,-23.878113,LYI
2885523651000,8.194923,-3.87177800573888,4.54490231147776,7.57254710043042,-0.026572637,0.0070249503,0.01038471,1.0390735,-31.691357,-23.881187,LYI
2885528716000,8.199988,-3.86619645282687,4.54223981758551,7.5713441535215,-0.0143553335,0.013439035,0.010995574,1.0162914,-31.705172,-23.889032,LYI
2885533680000,8.204952,-3.86201644445617,4.54641978230898,7.57970425755737,-0.017104227,0.009773844,0.008552114,0.9981425,-31.712631,-23.892693,LYI
2885538722000,8.209994,-3.86133502989772,4.55274667944532,7.5923581981904,-0.01985312,0.004581489,0.009468411,0.9816586,-31.722391,-23.896336,LYI
2885543742000,8.215014,-3.86606315106216,4.56220297114477,7.61127088033045,-0.021685716,0.008246681,0.019547688,0.96300435,-31.732162,-23.89986,LYI
2885548687000,8.219959,-3.87944629327409,4.56466458411432,7.61272199796001,-0.021991149,0.011301007,0.009773844,0.950384,-31.743856,-23.902216,LYI
2885553768000,8.22504,-3.90893107663098,4.55483627168249,7.58323690672591,-0.021991149,0.0015271631,0.006414085,0.9356959,-31.7568,-23.899605,LYI
2885558642000,8.229914,-3.91658986215385,4.55063319076923,7.55907640923077,-0.0143553335,0.011301007,0.0012217305,0.925921,-31.762566,-23.902025,LYI
2885563809000,8.235081,-3.8889068827972,4.55524711701632,7.54062118601399,-0.02321288,0.007330383,-0.0030543262,0.9212185,-31.76357,-23.89935,LYI
2885568661000,8.239933,-3.86903,4.55967472748955,7.53071421738865,-0.015271631,0.020463986,0.0015271631,0.9092567,-31.765543,-23.912617,LYI
2885573782000,8.245054,-3.86903,4.56467343105698,7.54571048468046,-0.021380283,0.013439035,-0.0018325958,0.905086,-31.760033,-23.921917,LYI
2885578678000,8.24995,-3.87268708963173,4.57179377690274,7.55731940441926,-0.022907447,0.015577064,-0.0036651916,0.8969866,-31.757536,-23.92978,LYI
2885584644000,8.255916,-3.88887269552408,4.58797932645892,7.56271449371105,-0.023823744,0.01740966,-0.006414085,0.8915175,-31.753101,-23.936409,LYI
2885588737000,8.260009,-3.89838583929656,4.59749245235811,7.56817880943245,-0.018936822,0.020158553,0.00030543262,0.88608444,-31.748337,-23.94041,LYI
2885593770000,8.265042,-3.90223875971223,4.60134545323741,7.58359081294964,-0.024129177,0.015882496,-0.0012217305,0.8845452,-31.739414,-23.944826,LYI
2885598648000,8.26992,-3.90597302273381,4.6050797942446,7.59852817697842,-0.018020526,0.015577064,-0.0061086523,0.8803914,-31.734632,-23.952293,LYI
2885603768000,8.27504,-3.9073372,4.60932728895102,7.603985,-0.027183503,0.014966198,-0.0015271631,0.87520343,-31.725895,-23.957169,LYI
2885609212000,8.280484,-3.9073372,4.61402969310003,7.603985,-0.029626964,0.0067195175,-0.00030543262,0.8737166,-31.719332,-23.961336,LYI
2885613699000,8.284971,-3.9095997138155,4.62054572763101,7.603985,-0.024740042,0.013439035,-0.003970624,0.8720214,-31.70672,-23.96814,LYI
2885618750000,8.290022,-3.9148370911217,4.6310204822434,7.603985,-0.025961773,0.009773844,-0.00061086525,0.87158066,-31.693438,-23.969091,LYI
2885623764000,8.295036,-3.92262631077655,4.62946198922346,7.60112866566957,-0.022907447,0.014966198,0.0018325958,0.86923885,-31.682596,-23.974062,LYI
2885628764000,8.300036,-3.93211204770206,4.61997625229794,7.59638550005943,-0.033292156,0.014660766,0.0076358155,0.86686,-31.66927,-23.97565,LYI
2885633802000,8.305074,-3.9360676,4.61854302343917,7.59693008146629,-0.03390302,0.008552114,0.0033597588,0.8689276,-31.658663,-23.977667,LYI
2885638813000,8.310085,-3.9360676,4.62282320046379,7.60121052665002,-0.03268129,0.009162978,-0.0015271631,0.86854166,-31.646902,-23.980228,LYI
2885643651000,8.314923,-3.93916789766874,4.62404735116563,7.603985,-0.02107485,0.0143553335,-0.0009162979,0.87129736,-31.633574,-23.984549,LYI
2885648785000,8.320057,-3.94917854435508,4.61904202782246,7.603985,-0.025961773,0.014966198,-0.0012217305,0.8761555,-31.616049,-23.98877,LYI
2885653642000,8.324914,-3.95681809029688,4.60963313881248,7.60558185694774,-0.018936822,0.017104227,0.004581489,0.8776231,-31.610418,-23.992022,LYI
2885658806000,8.330078,-3.96150884199943,4.59087013200228,7.61027251068956,-0.023823744,0.013133603,0.008857546,0.8805267,-31.600496,-23.994186,LYI
2885663764000,8.335036,-3.97368714719825,4.57390385222652,7.6135616,-0.025045475,0.01282817,-0.0033597588,0.8958886,-31.58471,-23.998495,LYI
2885668717000,8.339989,-4.00661754815035,4.55979077412476,7.6135616,-0.02687807,0.01282817,0.0036651916,0.901318006549126,-31.5785757239301,-23.9966161042797,LYI
2885673718000,8.34499,-4.02972007025693,4.544751962604,7.61250385721862,-0.023823744,0.0009162979,0.007330383,0.90680003,-31.572382,-23.994719,LYI
2885678778000,8.35005,-4.02085866255829,4.52702923973667,7.60807324589924,-0.024740042,0.004276057,0.004581489,0.9239029,-31.552284,-24.000006,LYI
2885684038000,8.35531,-4.01353606500679,4.51024895857854,7.60227683431417,-0.016798794,0.008552114,-0.0021380284,0.9488186,-31.531406,-24.007093,LYI
2885688763000,8.360035,-4.02036424970575,4.50683479492983,7.58862017971933,-0.01985312,0.013133603,0.0076358155,0.9690483,-31.509993,-24.012772,LYI
2885693785000,8.365057,-4.02762163458579,4.50320602670892,7.57410510683567,-0.02076942,0.0061086523,0.004886922,1.0002785,-31.487082,-24.017447,LYI
2885698770000,8.370042,-4.01960700555441,4.501099,7.5758676230611,-0.02076942,-0.00061086525,0.00030543262,1.0280601,-31.46526,-24.021986,LYI
2885703775000,8.375047,-3.99002550956593,4.501099,7.60051917860523,-0.0076358155,0.019242255,0.0076358155,1.0494066,-31.448318,-24.029688,LYI
2885708768000,8.38004,-3.9765375114792,4.50326175664484,7.61788697779276,-0.01038471,0.014660766,0.008246681,1.0789512,-31.42083,-24.036568,LYI
2885713798000,8.38507,-3.98117650454545,4.50790084659091,7.62716486704545,-0.01038471,0.014660766,-0.003970624,1.1051203,-31.397152,-24.049942,LYI
2885718725000,8.389997,-3.98209019927037,4.51998300364816,7.63829924106202,-0.014966198,0.014966198,0.004581489,1.1239595,-31.374071,-24.05196,LYI
2885723775000,8.395047,-3.97718922237535,4.54448788812323,7.6530022740981,-0.015882496,0.01282817,0.004276057,1.1481501,-31.349699,-24.056835,LYI
2885728688000,8.39996,-3.97066604694113,4.56783188264717,7.65588243168526,-0.007330383,0.0143553335,0.008552114,1.160635,-31.325512,-24.064117,LYI
2885733768000,8.40504,-3.9613066502501,4.59123037437476,7.64184323891882,-0.01740966,0.020158553,0.005192355,1.1744666,-31.29611,-24.073044,LYI
2885738701000,8.409973,-3.94594965931499,4.606444,7.62962451870917,-0.016187929,0.01985312,0.004886922,1.1922733,-31.274426,-24.073683,LYI
2885743789000,8.415061,-3.9170088010295,4.606444,7.61997766667987,-0.014049901,0.021991149,0.008246681,1.2081,-31.251202,-24.076204,LYI
2885748647000,8.419919,-3.89635636148797,4.60925206236324,7.61636964770241,-0.02565634,0.020463986,0.005497787,1.2173973,-31.232277,-24.078724,LYI
2885753773000,8.425045,-3.89147366039387,4.61901741356674,7.62613494792123,-0.011911872,0.024129177,0.008552114,1.2228663,-31.22192,-24.08142,LYI
2885758641000,8.429913,-3.88951932649438,4.6255975,7.63805793387256,-0.021991149,0.01282817,0.008552114,1.2274688,-31.200045,-24.078337,LYI
2885763728000,8.435,-3.89432473008483,4.6255975,7.65727964858947,-0.024740042,0.013439035,0.01038471,1.2279626,-31.184586,-24.07808,LYI
2885768776000,8.440048,-3.9069207770676,4.61905437352315,7.66578787148944,-0.02076942,0.00580322,0.01038471,1.2373831,-31.167494,-24.069273,LYI
2885773742000,8.445014,-3.93916063002131,4.59602590712764,7.64736500218865,-0.010079277,0.0030543262,0.012217305,1.2445686,-31.152472,-24.061323,LYI
2885778698000,8.44997,-3.96403726499961,4.5754312870553,7.62891130911099,-0.023823744,0.00030543262,0.008552114,1.2514424,-31.135443,-24.052822,LYI
2885784691000,8.455963,-3.95950987189398,4.56184906046383,7.60627424903368,-0.025045475,-0.0018325958,0.015577064,1.2552239,-31.126238,-24.042011,LYI
2885788716000,8.459988,-3.95646919823302,4.55272700773054,7.59107081722805,-0.023518313,-0.0018325958,0.01740966,1.25988516250962,-31.1178754903772,-24.0417746258661,LYI
2885793784000,8.465056,-3.95837895567568,4.53635204324324,7.56904208756757,-0.021991149,-0.004886922,0.016493361,1.2657543,-31.107346,-24.041477,LYI
2885798779000,8.470051,-3.96299634138996,4.51788259681467,7.54595525542471,-0.021991149,0.0021380284,0.02107485,1.2718406,-31.089386,-24.041117,LYI
2885803769000,8.475041,-3.97809741035711,4.510676,7.536947,-0.024740042,-0.0012217305,0.015577064,1.2876614,-31.067327,-24.039095,LYI
2885808773000,8.480045,-3.99998174098091,4.510676,7.536947,-0.02443461,-0.0076358155,0.011301007,1.3009487,-31.047415,-24.037111,LYI
2885813784000,8.485056,-4.01469199278813,4.50866596523558,7.53091697965933,-0.027183503,-0.007330383,0.014660766,1.3104112,-31.027002,-24.040495,LYI
2885818804000,8.490076,-4.01948086976791,4.50387698824584,7.51655024871003,-0.015882496,-0.008857546,0.012217305,1.3236278,-31.009453,-24.043514,LYI
2885823773000,8.495045,-4.02024350817391,4.50311433391304,7.51627756730435,-0.024740042,-0.005497787,0.015577064,1.3428419,-30.985651,-24.047594,LYI
2885828778000,8.50005,-4.01533999062916,4.50801795386189,7.53589163748338,-0.020158553,-0.0070249503,0.015577064,1.364224,-30.967817,-24.051126,LYI
2885833745000,8.505017,-4.012682,4.52271060488757,7.55254091291582,-0.01863139,-0.008857546,0.009773844,1.3829622,-30.944519,-24.059578,LYI
2885838800000,8.510072,-4.012682,4.54970036873258,7.56603581832373,-0.014660766,-0.012217305,0.005192355,1.4015722,-30.923756,-24.066994,LYI
2885843649000,8.514921,-4.00989935606203,4.56674539255906,7.57942805307524,-0.0061086523,-0.01038471,0.00030543262,1.4195255,-30.906235,-24.073576,LYI
2885848779000,8.520051,-3.99967373757935,4.56163263670517,7.59476680112395,-0.008246681,-0.012217305,0.008552114,1.4361162,-30.888668,-24.077085,LYI
2885853647000,8.524919,-3.99030026516854,4.5569458988764,7.60559903370786,-0.014966198,-0.0106901415,-0.002443461,1.4607921,-30.868687,-24.081686,LYI
2885858769000,8.530041,-3.9810372362572,4.5523142876971,7.6102304514399,-0.009468411,-0.007330383,0.005497787,1.4779551,-30.855375,-24.08201,LYI
2885863754000,8.535026,-3.97210553184592,4.55125228000182,7.61129228445497,-0.0012217305,-0.003970624,0.007941248,1.4962989,-30.842094,-24.08312,LYI
2885868738000,8.54001,-3.96341219404426,4.55994566319097,7.60259876510336,-0.018020526,-0.0021380284,0.010995574,1.5117275,-30.825365,-24.083387,LYI
2885873754000,8.545026,-3.95468223130496,4.56840618434752,7.59548554301794,-0.016187929,-0.0067195175,0.013439035,1.5267202,-30.820652,-24.079872,LYI
2885878717000,8.549989,-3.94632316370032,4.57258571814984,7.61220376551178,-0.003970624,-0.008246681,0.015271631,1.5399123,-30.814838,-24.077261,LYI
2885884196000,8.555468,-3.93709500907492,4.57719979546254,7.63066017112205,-0.005497787,0.002443461,0.011911872,1.5461272,-30.810793,-24.076954,LYI
2885888756000,8.560028,-3.92567233756527,4.57424841252176,7.65697075707612,-0.004276057,-0.0015271631,0.0106901415,1.554027,-30.810934,-24.07233,LYI
2885893709000,8.564981,-3.91263746798571,4.56990345599524,7.68738563424018,-0.0106901415,-0.0070249503,0.0070249503,1.5617412,-30.807882,-24.070885,LYI
2885898724000,8.569996,-3.90151172583359,4.5681367,7.69392740417554,-0.016493361,-0.006414085,0.004581489,1.5737792,-30.810234,-24.063374,LYI
2885903735000,8.575007,-3.89178448456471,4.5681367,7.68419995976487,-0.014966198,-0.013439035,0.010079277,1.586726,-30.813194,-24.052406,LYI
2885908711000,8.579983,-3.89612581243578,4.56548932349867,7.68324645943313,-0.011911872,-0.011301007,0.015271631,1.5998492,-30.808893,-24.039629,LYI
2885913737000,8.585009,-3.90891580272808,4.56122603791851,7.6875098785651,-0.011911872,-0.0076358155,0.020158553,1.6121637,-30.80496,-24.025194,LYI
2885918726000,8.589998,-3.91321241440536,4.56411235906616,7.68647441440536,-0.02443461,-0.004581489,0.02076942,1.6238538,-30.800545,-24.009703,LYI
2885923725000,8.594997,-3.90318845644891,4.57914824366625,7.67645045644891,-0.025045475,-0.005192355,0.019242255,1.6344967,-30.799427,-23.99425,LYI
2885928710000,8.599982,-3.89568387702265,4.58521377702265,7.65648678252427,-0.02076942,-0.008857546,0.020463986,1.6511366,-30.792986,-23.979189,LYI
2885933708000,8.60498,-3.8911279236246,4.58065782362459,7.62459520388349,-0.015271631,-0.0015271631,0.018325957,1.6667459,-30.7862,-23.96783,LYI
2885938731000,8.610003,-3.8899050237995,4.57254921062657,7.603985,-0.01160644,-0.004581489,0.011301007,1.6753707,-30.788984,-23.954748,LYI
2885943736000,8.615008,-3.89471022520301,4.5581335562406,7.603985,-0.01160644,0.002443461,0.004581489,1.6812623,-30.79175,-23.946424,LYI
2885948661000,8.619933,-3.89605898253888,4.54728160030491,7.59888064102043,-0.013439035,0.002443461,0.008857546,1.68430261068205,-30.7946615295888,-23.9415938445336,LYI
2885953706000,8.624978,-3.89114842699461,4.54237109603618,7.58414866673442,-0.014966198,0.0076358155,0.01282817,1.687417,-30.797644,-23.936646,LYI
2885958637000,8.629909,-3.8881836,4.54949228747556,7.57189199832387,-0.022602014,0.0030543262,0.012217305,1.697919,-30.800066,-23.928995,LYI
2885963741000,8.635013,-3.8881836,4.5768020381786,7.56278873224695,-0.026572637,-0.004886922,0.012217305,1.7081444,-30.798077,-23.922289,LYI
2885968658000,8.63993,-3.89046374395593,4.60142729981638,7.56180083131694,-0.023518313,-0.0030543262,0.013744468,1.714567,-30.796751,-23.918144,LYI
2885973724000,8.644996,-3.90036195242273,4.62122376842803,7.58654666255228,-0.020158553,-0.004276057,0.013439035,1.7231972,-30.794243,-23.91189,LYI
2885978644000,8.649916,-3.91309402607534,4.6259633903019,7.59937944296019,-0.015271631,-0.004886922,0.011301007,1.7340555,-30.792747,-23.90431,LYI
2885984843000,8.656115,-3.93952851855018,4.58366825754742,7.57823140733814,-0.023823744,-0.008246681,0.01863139,1.7429792,-30.789896,-23.89459,LYI
2885988815000,8.660087,-3.95597801342355,4.55805545508345,7.56517246298602,-0.03604105,-0.019547688,0.01985312,1.7507043,-30.785576,-23.885672,LYI
2885993730000,8.665002,-3.96871684211096,4.54956285828597,7.55667999920613,-0.026572637,-0.012217305,0.01863139,1.7543343,-30.785234,-23.87981,LYI
2885998681000,8.669953,-3.98154897656292,4.5410080573207,7.54812533223275,-0.021685716,-0.014966198,0.020158553,1.7674958,-30.78328,-23.873812,LYI
2886003717000,8.674989,-3.98031505335921,4.54304280866833,7.5465236,-0.024740042,-0.01160644,0.015882496,1.7799029,-30.780666,-23.872309,LYI
2886008641000,8.679913,-3.97595721552537,4.54740060099806,7.5465236,-0.029932396,-0.020158553,0.019547688,1.7922066,-30.779896,-23.866005,LYI
2886013732000,8.685004,-3.98010111614772,4.55757250411839,7.55797623229544,-0.039095376,-0.021380283,0.019547688,1.8075827,-30.775608,-23.866714,LYI
2886018745000,8.690017,-3.98879201013758,4.57060889047791,7.57535802027516,-0.03359759,-0.025350908,0.018936822,1.8238664,-30.774082,-23.86442,LYI
2886023722000,8.694994,-3.98681107569256,4.57099615231202,7.58035253703395,-0.036957346,-0.013133603,0.016493361,1.8277591,-30.77496,-23.867962,LYI
2886028716000,8.699988,-3.97186839525099,4.55605341986045,7.57039064605291,-0.029321533,-0.021380283,0.011301007,1.8367621,-30.7793,-23.86633,LYI
2886033710000,8.704982,-3.964798,4.56053893505779,7.56105467424326,-0.040011674,-0.021991149,0.01160644,1.841768,-30.767544,-23.870378,LYI
2886038740000,8.710012,-3.964798,4.58263180975968,7.55221761663915,-0.03604105,-0.020463986,0.01038471,1.8494695,-30.760656,-23.874016,LYI
2886043726000,8.714998,-3.96131316713586,4.58989737065999,7.55872058780106,-0.028405234,-0.020158553,0.016798794,1.8570782,-30.75011,-23.87418,LYI
2886048720000,8.719992,-3.95133995491607,4.56995105035971,7.59362703884892,-0.028405234,-0.022602014,0.0143553335,1.8673214,-30.737581,-23.875656,LYI
2886053707000,8.724979,-3.9436922835211,4.55465574665839,7.6194179494367,-0.026267206,-0.02076942,0.008552114,1.8749286,-30.726826,-23.877647,LYI
2886058713000,8.729985,-3.93911509612373,4.54550132406912,7.63314951162879,-0.033292156,-0.022602014,0.008552114,1.8825622,-30.714468,-23.877657,LYI
2886063721000,8.734993,-3.93767251645823,4.53459156738369,7.64389694997499,-0.03390302,-0.01740966,0.0076358155,1.8889767,-30.702246,-23.878267,LYI
2886068739000,8.740011,-3.94248055871936,4.5201674908054,7.64870509264632,-0.025961773,-0.017715093,0.008857546,1.8959141,-30.69106,-23.876833,LYI
2886073644000,8.744916,-3.9456444,4.510676,7.65655644936387,-0.025961773,-0.013133603,0.0076358155,1.8948373,-30.679974,-23.879469,LYI
2886078712000,8.749984,-3.9456444,4.510676,7.67137615826972,-0.028099801,-0.008552114,0.011301007,1.8922478,-30.671381,-23.880981,LYI
2886083640000,8.754912,-3.94103068319001,4.510676,7.68213693772065,-0.031154128,-0.016187929,0.01038471,1.8933618,-30.659666,-23.883017,LYI
2886088748000,8.76002,-3.92774609160858,4.510676,7.68656522739205,-0.035124753,-0.0027488936,0.011301007,1.8886342,-30.648188,-23.8901,LYI
2886093729000,8.765001,-3.91406271155706,4.510676,7.69160164422147,-0.0290161,0.0070249503,0.018020526,1.8807387,-30.645075,-23.893314,LYI
2886098721000,8.769993,-3.89661953520022,4.510676,7.70032323239989,-0.03145956,0.0015271631,0.016187929,1.8753568,-30.637878,-23.897089,LYI
2886104098000,8.77537,-3.87753484221849,4.51103331739496,7.7093296,-0.029626964,-0.00061086525,0.014966198,1.8679756,-30.6284,-23.899324,LYI
2886108716000,8.779988,-3.85523618890756,4.51846616302521,7.7093296,-0.030543262,-0.005192355,0.011301007,1.863226,-30.617317,-23.900204,LYI
2886113716000,8.784988,-3.83109299563025,4.52651385210084,7.7093296,-0.022602014,-0.0027488936,0.008246681,1.8603619,-30.608683,-23.896477,LYI
2886118738000,8.79001,-3.821146,4.5298295,7.7093296,-0.02076942,-0.004276057,0.013439035,1.8577474,-30.599194,-23.89005,LYI
2886123728000,8.795,-3.821146,4.5298295,7.7093296,-0.017104227,0.00030543262,0.018325957,1.8544872,-30.591927,-23.886236,LYI
2886128708000,8.79998,-3.82801222508403,4.5298295,7.70246332711834,-0.02107485,0.00030543262,0.011911872,1.85287489088191,-30.5917771285501,-23.8795071689088,LYI
2886133763000,8.805035,-3.84085780902176,4.5298295,7.68961765375907,-0.01740966,-0.0012217305,0.02107485,1.8512383,-30.591625,-23.872677,LYI
2886138714000,8.809986,-3.85424090545021,4.53564884060028,7.67914419523242,-0.02443461,0.0033597588,0.018020526,1.8463749,-30.590322,-23.862053,LYI
2886143718000,8.81499,-3.86981864102286,4.55641915469715,7.67395172514899,-0.023518313,0.0009162979,0.007941248,1.8401074,-30.593973,-23.851465,LYI
2886148763000,8.820035,-3.8786068,4.5681367,7.67313573848446,-0.015271631,0.018325957,0.009773844,1.8243583,-30.601841,-23.850313,LYI
2886153780000,8.825052,-3.8786068,4.5681367,7.67790739427947,-0.015271631,0.017715093,0.011301007,1.8151007,-30.606203,-23.84596,LYI
2886158693000,8.829965,-3.88205988540765,4.57158978540765,7.680599,-0.015577064,0.013439035,0.011911872,1.8054749,-30.61066,-23.846342,LYI
2886163720000,8.834992,-3.89039337573135,4.57992327573135,7.680599,-0.014660766,0.015271631,0.013744468,1.7944807,-30.615534,-23.847477,LYI
2886168725000,8.839997,-3.8974738315767,4.5867171631534,7.68117214881587,-0.018325957,0.008857546,0.010995574,1.7853942,-30.617048,-23.846743,LYI
2886173721000,8.844993,-3.89492178907617,4.58161307815234,7.68627634040964,-0.016493361,0.0106901415,0.01038471,1.773828,-30.620514,-23.847654,LYI
2886178727000,8.849999,-3.8923646384041,4.57649877680819,7.69139074855985,-0.020158553,-0.0009162979,0.010995574,1.767612,-30.615765,-23.845852,LYI
2886183647000,8.854919,-3.88985141800725,4.57147233601451,7.69641729432473,-0.015882496,0.004581489,0.0125227375,1.7582254,-30.61357,-23.848372,LYI
2886188804000,8.860076,-3.89182567147739,4.54992634261307,7.69064782130653,-0.015577064,0.0030543262,0.014049901,1.7520604,-30.609598,-23.846306,LYI
2886193767000,8.865039,-3.90137937165829,4.50215784170854,7.66676357085427,-0.019242255,-0.004581489,0.0143553335,1.7460959,-30.605762,-23.843971,LYI
2886198758000,8.87003,-3.9016344321608,4.46856683492462,7.64996803768844,-0.020463986,-0.0030543262,0.0070249503,1.7443132,-30.599052,-23.842043,LYI
2886203774000,8.875046,-3.88654736281407,4.4585087361809,7.64493890954774,-0.018020526,0.0030543262,0.0125227375,1.7396349,-30.594252,-23.837368,LYI
2886208763000,8.880035,-3.88062963096844,4.46332915484219,7.642292,-0.01863139,-0.0030543262,0.01282817,1.7401274,-30.590595,-23.838057,LYI
2886213796000,8.885068,-3.88496377667476,4.4849998833738,7.642292,-0.013439035,-0.00061086525,0.015577064,1.7361332,-30.590036,-23.840864,LYI
2886218688000,8.88996,-3.88703050367586,4.49879281939223,7.63883271102757,-0.014966198,0.017104227,0.022296581,1.7287793,-30.58811,-23.843327,LYI
2886223775000,8.895047,-3.88194307869674,4.48861802255639,7.62357043609023,-0.013439035,0.021380283,0.013439035,1.7268,-30.586449,-23.845182,LYI
2886228646000,8.899918,-3.87563492331952,4.48788925336096,7.6120756926918,-0.014966198,0.021380283,0.015271631,1.7191881,-30.589571,-23.845894,LYI
2886233772000,8.905044,-3.86571059767512,4.50773790464975,7.60711363349843,-0.015882496,0.008857546,0.0076358155,1.7180027,-30.590559,-23.847427,LYI
2886238711000,8.909983,-3.8594532,4.52496425942934,7.60712601775387,-0.011911872,0.019547688,0.012217305,1.7069731,-30.59187,-23.854126,LYI
2886243784000,8.915056,-3.8594532,4.53896645098472,7.6164607471419,-0.016798794,0.028405234,0.021685716,1.6993172,-30.590277,-23.85772,LYI
2886248644000,8.919916,-3.8594532,4.55011299971245,7.6231384,-0.018020526,0.024740042,0.014660766,1.6997908,-30.589787,-23.857729,LYI
2886253769000,8.925041,-3.8594532,4.55481750704495,7.6231384,-0.004276057,0.016187929,0.011301007,1.696331,-30.593496,-23.856518,LYI
2886258712000,8.929984,-3.86172026999248,4.55799322066562,7.62427193499624,-0.0067195175,0.008857546,0.01282817,1.6955823,-30.595533,-23.852257,LYI
2886263737000,8.935009,-3.87487503524909,4.55470446067109,7.63084931762455,-0.004581489,0.0067195175,0.014660766,1.6962445,-30.601501,-23.847795,LYI
2886268796000,8.940068,-3.88811880787262,4.55139344837012,7.63747120393631,-0.007330383,0.014049901,0.0076358155,1.6976324,-30.599886,-23.846006,LYI
2886273699000,8.944971,-3.89894343928716,4.55016606399352,7.64110893600648,-0.008246681,0.015577064,0.01160644,1.6970447,-30.600882,-23.840418,LYI
2886278808000,8.95008,-3.90389765872823,4.55512038689753,7.63615461310247,-0.01160644,0.013133603,0.011301007,1.6988021,-30.598976,-23.837492,LYI
2886283765000,8.955037,-3.90843226836429,4.56075012529397,7.63381009123348,-0.01038471,0.0021380284,0.0036651916,1.7029543,-30.596558,-23.837132,LYI
2886288813000,8.960085,-3.91235276843727,4.56859108450247,7.63773067318141,-0.004886922,0.0015271631,-0.00061086525,1.7049516,-30.594774,-23.838154,LYI
2886293886000,8.965158,-3.91629268461601,4.57647087571973,7.64167067164058,-0.010995574,0.008857546,0.004581489,1.7030739,-30.589975,-23.841087,LYI
2886298775000,8.970047,-3.92099907565199,4.56545823038807,7.63003677304402,0.0018325958,0.0027488936,0.004276057,1.7062049,-30.590048,-23.842175,LYI
2886303784000,8.975056,-3.92600326834968,4.55044560004173,7.61502419495097,0.00030543262,0.009773844,-0.013439035,1.7090243,-30.583323,-23.849976,LYI
2886308787000,8.980059,-3.92225829686766,4.5616805535924,7.63049170092012,-0.01282817,0.0030543262,0.00030543262,1.7123903,-30.581244,-23.845852,LYI
2886313653000,8.984925,-3.91769675528583,4.57536522596907,7.64873796250979,-0.006414085,-0.0018325958,0.005497787,1.7209474,-30.58017,-23.847994,LYI
2886318640000,8.989912,-3.92102938745601,4.58182888745601,7.6436380531981,0.0033597588,0.009468411,0.0021380284,1.733111,-30.56909,-23.852962,LYI
2886323591000,8.994863,-3.92593672929,4.58673622929,7.6338231645622,-0.004276057,0.0033597588,-0.004581489,1.7484063,-30.555729,-23.852407,LYI
2886328628000,8.9999,-3.92244390838917,4.59538412547891,7.62866819290365,-0.009773844,-0.00580322,-0.004581489,1.75163714687375,-30.5504487300601,-23.8517084821643,LYI
2886333571000,9.004843,-3.91797678350477,4.60431842189299,7.6242011613098,-0.007941248,0.003970624,0.009773844,1.7548077,-30.545267,-23.851023,LYI
2886338722000,9.009994,-3.9130243729437,4.6103335864412,7.6309176541126,0.00061086525,0.0070249503,0.0106901415,1.7667983,-30.533634,-23.852026,LYI
2886343559000,9.014831,-3.90829125946664,4.61506665049555,7.64038388106672,0.010079277,0.0012217305,0.01038471,1.7758522,-30.530025,-23.849659,LYI
2886348635000,9.019907,-3.91510662765579,4.60825123178042,7.66948499679525,-0.0015271631,-0.004581489,0.014660766,1.7818421,-30.520882,-23.846956,LYI
2886353551000,9.024823,-3.92442008933729,4.59893772147379,7.70208211268051,-0.0009162979,-0.011911872,0.013439035,1.7904657,-30.516493,-23.843527,LYI
2886358629000,9.029901,-3.9264908,4.60736594933517,7.70583003548831,-0.0021380284,-0.01160644,0.019547688,1.7932755,-30.511795,-23.837603,LYI
2886363700000,9.034972,-3.9264908,4.62072609289317,7.70137676280605,-0.0009162979,-0.004581489,0.018020526,1.798315,-30.506779,-23.833124,LYI
2886368655000,9.039927,-3.92951126515028,4.63465892699025,7.68465067424858,-0.003970624,-0.020463986,0.015271631,1.8049792,-30.501276,-23.823153,LYI
2886373663000,9.044935,-3.93438135190902,4.64926923811941,7.66030024045492,-0.0070249503,-0.017104227,0.01985312,1.8054802,-30.496935,-23.81863,LYI
2886378680000,9.049952,-3.9439924784406,4.64904472012267,7.64658563737187,-0.010995574,-0.02443461,0.019547688,1.8123505,-30.49073,-23.808733,LYI
2886384309000,9.055581,-3.95758039825239,4.63998605962023,7.63752683498572,-0.0015271631,-0.020463986,0.013744468,1.8167503,-30.487154,-23.80268,LYI
2886388656000,9.059928,-3.96895087098424,4.63240571934384,7.63409931923733,-0.004581489,-0.015271631,0.018325957,1.8214178,-30.487112,-23.793783,LYI
2886393707000,9.064979,-3.98440860962931,4.62210056024712,7.63925200639114,-0.013744468,-0.005497787,0.028710667,1.8244212,-30.48777,-23.787182,LYI
2886398613000,9.069885,-3.98986469619625,4.61785255190188,7.64778755570563,-0.008857546,-0.0012217305,0.025045475,1.8360672,-30.491844,-23.783386,LYI
2886403718000,9.07499,-3.98015378865826,4.62270800567087,7.66235391701261,-0.003970624,-0.0030543262,0.026572637,1.8428887,-30.495506,-23.778172,LYI
2886408608000,9.07988,-3.97265783643756,4.62216359080348,7.66415450989351,-0.00580322,0.0036651916,0.021685716,1.8496673,-30.491241,-23.782143,LYI
2886413726000,9.084998,-3.96791300948693,4.61267398644724,7.64517510300097,-0.004276057,-0.00030543262,0.022296581,1.8567008,-30.489958,-23.782043,LYI
2886418721000,9.089993,-3.96193284574565,4.60214625365965,7.62698466157365,-0.004276057,-0.0018325958,0.025350908,1.8572824817368,-30.4915176642793,-23.7821672166518,LYI
2886423779000,9.095051,-3.95306926763037,4.58885084021043,7.60925741279049,-0.005192355,-0.004276057,0.023823744,1.8578715,-30.493097,-23.782293,LYI
2886428752000,9.100024,-3.94303745601479,4.5770617640037,7.59766630720296,-0.009162978,-0.0015271631,0.026572637,1.858134,-30.495867,-23.782923,LYI
2886433769000,9.105041,-3.92526702398521,4.5726191559963,7.61987953279704,0.005192355,-0.008857546,0.02076942,1.8601398,-30.497341,-23.784214,LYI
2886439115000,9.110387,-3.90801976931571,4.56677156374435,7.6432020876694,0.00580322,-0.011911872,0.02687807,1.8602277,-30.500677,-23.78288,LYI
2886443714000,9.114986,-3.91907306608667,4.54466500867492,7.65793973975238,0.005497787,-0.016798794,0.029932396,1.8642114,-30.505936,-23.780838,LYI
2886448705000,9.119977,-3.93106850078635,4.52067418102727,7.67393356918186,0.0076358155,-0.019242255,0.03176499,1.8673617,-30.51346,-23.772135,LYI
2886453713000,9.124985,-3.93094457626747,4.50811443463963,7.67035300602905,0.0018325958,-0.01863139,0.025961773,1.8719462,-30.51795,-23.764006,LYI
2886458715000,9.129987,-3.92219274405773,4.50373842714899,7.65284943299534,0.002443461,-0.01038471,0.025961773,1.873562,-30.52528,-23.756197,LYI
2886463723000,9.134995,-3.9150154230011,4.49920044282585,7.64039338335159,-0.004581489,-0.025961773,0.030848695,1.8806195,-30.525442,-23.746567,LYI
2886468732000,9.140004,-3.91023894274619,4.49442401244648,7.63561680334561,0.007941248,-0.02565634,0.025045475,1.8862154,-30.529116,-23.744509,LYI
2886473720000,9.144992,-3.91313815795702,4.4915223,7.62691412280702,-0.003970624,-0.0143553335,0.028405234,1.8770889,-30.531866,-23.743343,LYI
2886478712000,9.149984,-3.9280267862971,4.4915223,7.61202570175439,0.0061086523,-0.014049901,0.032986723,1.8711869,-30.542366,-23.7404,LYI
2886483711000,9.154983,-3.92544567243306,4.49364666333076,7.603985,0.00030543262,-0.015882496,0.029321533,1.8634207,-30.54345,-23.741009,LYI
2886488748000,9.16002,-3.9022139533038,4.49829295863995,7.603985,-0.0009162979,-0.012217305,0.02321288,1.8543781,-30.548223,-23.742588,LYI
2886493697000,9.164969,-3.88262748268938,4.50295107778116,7.60583700042592,-0.005497787,-0.0067195175,0.027183503,1.8421786,-30.553087,-23.747622,LYI
2886498724000,9.169996,-3.86798112625494,4.50783329854984,7.61071901728019,-0.00030543262,0.0036651916,0.022907447,1.8325549,-30.557926,-23.756758,LYI
2886503665000,9.174937,-3.85217139718735,4.51431688239736,7.61720246338839,-0.0030543262,0.004886922,0.027183503,1.8215795,-30.558737,-23.757425,LYI
2886508716000,9.179988,-3.83390904067957,4.52344801297782,7.62633354629542,-0.0015271631,0.009468411,0.026267206,1.8109843,-30.560514,-23.762678,LYI
2886513655000,9.184927,-3.82390545014315,4.5353484002863,7.632715,-0.0015271631,0.008246681,0.027488936,1.80407652332566,-30.5627567974772,-23.7633034715187,LYI
2886518705000,9.189977,-3.83379560147239,4.55512870294478,7.632715,0.005497787,0.008857546,0.024129177,1.7970135,-30.56505,-23.763943,LYI
2886523655000,9.194927,-3.83565056636535,4.56968637787822,7.63426471024138,0.003970624,0.013439035,0.02687807,1.7806966,-30.568146,-23.76671,LYI
2886528719000,9.199991,-3.82119832184365,4.57450379271878,7.63908222568789,-0.00030543262,0.011911872,0.028099801,1.7659025,-30.578949,-23.762177,LYI
2886533641000,9.204913,-3.80591890412577,4.5777135,7.63946686681277,0.0030543262,0.0067195175,0.02565634,1.7552576,-30.58842,-23.75763,LYI
2886538749000,9.210021,-3.7872743877656,4.5777135,7.63014465730348,0.002443461,0.016493361,0.025045475,1.7417645,-30.59586,-23.755806,LYI
2886543685000,9.214957,-3.77618875655646,4.58161608157504,7.6231384,-0.004276057,0.0015271631,0.020463986,1.7368213,-30.604929,-23.743025,LYI
2886548717000,9.219989,-3.78961486903789,4.59951744026746,7.6231384,-0.0015271631,0.007330383,0.021380283,1.7255213,-30.616446,-23.736858,LYI
2886553763000,9.225035,-3.80275057109512,4.61639978554756,7.62162204197627,-0.008552114,0.007330383,0.019242255,1.7146206,-30.616377,-23.727224,LYI
2886558719000,9.229991,-3.81198274787006,4.62101587393503,7.60315749562342,-0.016798794,-0.004886922,0.018936822,1.7043315,-30.616924,-23.715717,LYI
2886563928000,9.2352,-3.82067895686538,4.62513045930379,7.58436375198856,-0.015577064,-0.0076358155,0.013744468,1.691075,-30.617683,-23.71098,LYI
2886568709000,9.239981,-3.81297918711847,4.617430729757,7.57666390184142,-0.013133603,-0.009468411,0.0125227375,1.6790292,-30.617151,-23.703022,LYI
2886573650000,9.244922,-3.80502173840074,4.60947332258471,7.56870637003279,-0.01282817,-0.01038471,0.009162978,1.6733326,-30.618757,-23.696667,LYI
2886578717000,9.249989,-3.80467734234424,4.606444,7.56299211372756,-0.014049901,-0.013439035,0.01282817,1.6669149,-30.621231,-23.688553,LYI
2886584853000,9.256125,-3.80984834241464,4.606444,7.55782122164731,-0.027488936,-0.00580322,0.014966198,1.6601446,-30.619904,-23.683657,LYI
2886588724000,9.259996,-3.81691377908869,4.60109940230879,7.5543188736371,-0.011301007,-0.0076358155,0.00030543262,1.6565766,-30.615187,-23.679827,LYI
2886593718000,9.26499,-3.83150690537022,4.58650622523393,7.54945449820993,-0.013133603,-0.0070249503,-0.00030543262,1.647157,-30.604977,-23.675785,LYI
2886598719000,9.269991,-3.8402996,4.5757682582747,7.54068783420006,-0.018325957,0.00061086525,-0.0027488936,1.643683,-30.602108,-23.67478,LYI
2886603713000,9.274985,-3.8402996,4.57089148258387,7.52605740528194,-0.019547688,-0.0030543262,-0.0027488936,1.6416407,-30.60002,-23.670965,LYI
2886608703000,9.279975,-3.84644579169543,4.57428287030279,7.52189054670086,-0.014049901,-0.00061086525,-0.0070249503,1.6391057,-30.591457,-23.676674,LYI
2886613724000,9.284996,-3.86067355956209,4.58851058864779,7.53137592336522,-0.01038471,0.0027488936,-0.00580322,1.635689,-30.583115,-23.680702,LYI
2886618670000,9.289942,-3.86335720893811,4.59119422868301,7.53505603015622,-0.01160644,0.007330383,-0.009773844,1.6354779,-30.57243,-23.687933,LYI
2886624024000,9.295296,-3.84814833395294,4.57598540663437,7.52998629928812,-0.015577064,0.0027488936,-0.00580322,1.6339617,-30.563433,-23.692131,LYI
2886628644000,9.299916,-3.8353092012721,4.57312708135815,7.53069693248527,-0.019242255,-0.0018325958,-0.01038471,1.6395847,-30.551907,-23.698772,LYI
2886633714000,9.304986,-3.82168436468057,4.58675187052661,7.53978015687962,-0.01282817,-0.0018325958,0.00030543262,1.6401652,-30.54477,-23.702217,LYI
2886638695000,9.309967,-3.80711986751288,4.60242863657186,7.55097290925749,-0.01985312,-0.00061086525,-0.004276057,1.65042,-30.524975,-23.705269,LYI
2886643735000,9.315007,-3.7886937083222,4.62546121530827,7.56939897224661,-0.01740966,-0.0036651916,-0.005497787,1.657581,-30.5115,-23.705065,LYI
2886648710000,9.319982,-3.77465097029627,4.644751,7.58899833989996,-0.019242255,-0.007330383,-0.007330383,1.6635209,-30.503609,-23.70075,LYI
2886653708000,9.32498,-3.78385929011158,4.644751,7.61662349165063,-0.008857546,-0.0033597588,-0.0012217305,1.6667519,-30.500479,-23.696592,LYI
2886658747000,9.330019,-3.79335617650667,4.64412382330266,7.6441735464644,-0.023518313,0.0009162979,0.0009162979,1.6677498,-30.491945,-23.687386,LYI
2886663737000,9.335009,-3.80524092275553,4.6362007556578,7.66794295622979,-0.023518313,-0.00030543262,0.009468411,1.6656642,-30.491432,-23.676054,LYI
2886668739000,9.340011,-3.8171542495565,4.62825863454364,7.69176952690044,-0.025350908,-0.008246681,0.0076358155,1.6632015,-30.488111,-23.666443,LYI
2886673721000,9.344993,-3.81792581074044,4.61915715510578,7.69331248698129,-0.025045475,-0.0012217305,0.0033597588,1.65681,-30.48616,-23.6593,LYI
2886678709000,9.349981,-3.81306727957689,4.60944014351098,7.68359522172498,-0.028710667,-0.006414085,0.003970624,1.6531018,-30.483173,-23.647081,LYI
2886683712000,9.354984,-3.80870533428843,4.606444,7.66341586553897,-0.03023783,0.00030543262,0.007941248,1.6496396,-30.479177,-23.639938,LYI
2886688740000,9.360012,-3.80454962958488,4.606444,7.6384817241046,-0.038789943,0.004886922,0.00580322,1.6487846,-30.471863,-23.632124,LYI
2886693739000,9.365011,-3.80571752588055,4.60458139816233,7.6305886517611,-0.040927973,-0.0015271631,0.0076358155,1.6420602,-30.467348,-23.62438,LYI
2886698731000,9.370003,-3.81547911558959,4.59970050137825,7.65011183117917,-0.036957346,-0.0030543262,-0.00061086525,1.636972,-30.460762,-23.620836,LYI
2886703671000,9.374943,-3.82297912950881,4.58770135245594,7.65411308196476,-0.044593163,0.0015271631,0.0067195175,1.6273292,-30.450048,-23.616205,LYI
2886708716000,9.379988,-3.82750809051369,4.56505654743157,7.63599723794526,-0.03726278,0.014049901,0.0036651916,1.6214527,-30.44194,-23.616056,LYI
2886713693000,9.384965,-3.83467662870662,4.548983,7.62445631537855,-0.032986723,0.013133603,0.008857546,1.6212306,-30.43525,-23.60823,LYI
2886718729000,9.390001,-3.84893986750789,4.548983,7.62921062902208,-0.035124753,0.010995574,0.00580322,1.6219658,-30.42745,-23.604937,LYI
2886723677000,9.394949,-3.8594532,4.55117057837738,7.63490261264092,-0.02107485,0.016187929,0.00030543262,1.6244491,-30.429193,-23.604277,LYI
2886728712000,9.399984,-3.8594532,4.56008195145999,7.64381412530031,-0.015882496,0.016798794,0.0067195175,1.6257325,-30.429283,-23.600697,LYI
2886733702000,9.404974,-3.85816947016794,4.56877856491603,7.65154806083969,-0.01863139,0.014660766,0.010079277,1.6242179,-30.42634,-23.604422,LYI
2886738751000,9.410023,-3.84340511499237,4.57616074250382,7.64785689496183,-0.030543262,0.00061086525,0.004276057,1.6255152,-30.421932,-23.605762,LYI
2886743742000,9.415014,-3.82881036421374,4.58345811789313,7.6442081310687,-0.01160644,0.011301007,0.004886922,1.6192418,-30.42596,-23.610151,LYI
2886748720000,9.419992,-3.8304341463224,4.5872903,7.65622426797655,-0.009468411,0.0076358155,0.010079277,1.618211,-30.422607,-23.607939,LYI
2886753709000,9.424981,-3.85009412171587,4.5872903,7.68571433371052,-0.01160644,0.0076358155,0.012217305,1.61650074244547,-30.4224487537522,-23.6082929324595,LYI
2886758714000,9.429986,-3.86417030534694,4.58257319465306,7.69739439807098,-0.0143553335,0.006414085,0.015577064,1.614785,-30.42229,-23.608648,LYI
2886763757000,9.435029,-3.8732153100103,4.5735281899897,7.69287180129226,-0.020158553,0.005497787,0.015882496,1.6096073,-30.42414,-23.605045,LYI
2886768741000,9.440013,-3.8786068,4.56620377014286,7.690176,-0.022602014,0.011301007,0.009162978,1.6041335,-30.422043,-23.605488,LYI
2886773721000,9.444993,-3.8786068,4.561337243,7.690176,-0.014049901,0.009468411,0.005497787,1.5993843,-30.421705,-23.603342,LYI
2886778698000,9.44997,-3.88363544436793,4.55688375020495,7.690176,-0.022907447,0.011911872,0.015577064,1.5942832,-30.417292,-23.603937,LYI
2886784798000,9.45607,-3.89800299970487,4.55209446507624,7.690176,-0.028710667,0.024129177,0.014660766,1.5917008,-30.413834,-23.608686,LYI
2886789063000,9.460335,-3.90708677194562,4.54873257456057,7.69092728416313,-0.020158553,0.008857546,0.010995574,1.5878181,-30.415722,-23.607695,LYI
2886793715000,9.464987,-3.90322918482986,4.54487502772534,7.70250004551043,-0.016798794,0.014660766,0.007941248,1.5785345,-30.414732,-23.614477,LYI
2886798648000,9.46992,-3.89913858353104,4.54078446914018,7.71477184940688,-0.010995574,0.01038471,0.015577064,1.5729382,-30.424744,-23.615557,LYI
2886803716000,9.474988,-3.90648816867642,4.52776924471994,7.71599714377453,-0.01863139,0.011301007,0.01038471,1.5698327,-30.429672,-23.621634,LYI
2886808698000,9.47997,-3.91925438815555,4.51074757431324,7.71174173728148,-0.015271631,0.007330383,0.007941248,1.5658642,-30.439781,-23.623793,LYI
2886813723000,9.484995,-3.92449793465066,4.51106332674672,7.70534386930131,-0.017715093,0.010995574,0.018936822,1.5573231,-30.447952,-23.625189,LYI
2886818712000,9.489984,-3.91998071282972,4.53364943585138,7.69630942565945,-0.0070249503,0.013744468,0.0061086523,1.5566684,-30.456411,-23.62953,LYI
2886823661000,9.494933,-3.91536593401635,4.55672332991824,7.68398376839491,-0.003970624,0.012217305,0.013439035,1.5539784,-30.459343,-23.631805,LYI
2886828712000,9.499984,-3.91035999209355,4.58175303953224,7.66396010524682,0.0027488936,0.014660766,0.016493361,1.5546919,-30.463411,-23.638266,LYI
2886833636000,9.504908,-3.9144399696448,4.591539941308,7.65364465532799,0.004276057,0.008246681,0.013744468,1.557952,-30.469883,-23.639263,LYI
2886838774000,9.510046,-3.93391383860691,4.57693459042248,7.65851302089641,0.003970624,0.01740966,0.01282817,1.5569493,-30.47782,-23.64377,LYI
2886843690000,9.514962,-3.9456444,4.57326892251324,7.65460261283108,0.008246681,0.009162978,0.018325957,1.5608493,-30.491236,-23.639662,LYI
2886848742000,9.520014,-3.9456444,4.58750724658623,7.63561811465568,0.013744468,0.01160644,0.017104227,1.5633862,-30.503344,-23.641548,LYI
2886853650000,9.524922,-3.94705807143522,4.60393535717608,7.62172472856478,0.00030543262,0.007330383,0.011301007,1.5719867,-30.507277,-23.643402,LYI
2886858715000,9.529987,-3.95156988354572,4.62649441772858,7.61721291645428,0.006414085,0.005192355,0.014049901,1.5779089,-30.518068,-23.64522,LYI
2886863826000,9.535098,-3.95070670326067,4.64294521073225,7.6135616,0.007330383,0.008552114,0.015882496,1.5885322,-30.52141,-23.64785,LYI
2886868736000,9.540008,-3.92880336433762,4.63418392090553,7.6135616,-0.00030543262,-0.0015271631,0.012217305,1.602442,-30.52347,-23.647299,LYI
2886873891000,9.545163,-3.90844750670948,4.62393203993578,7.61439433003211,0.004581489,-0.007941248,0.013744468,1.6081849,-30.535501,-23.648584,LYI
2886878773000,9.550045,-3.92425076430624,4.60022715354065,7.62624677322968,0.00580322,-0.004886922,0.018936822,1.6139996,-30.544256,-23.649792,LYI
2886883701000,9.554973,-3.9402029260098,4.5762989109853,7.63821089450735,0.004581489,-0.007941248,0.013133603,1.6185415,-30.54884,-23.648325,LYI
2886888750000,9.560022,-3.94277935626221,4.57386678747557,7.63942689642921,0.0033597588,-0.009468411,0.01038471,1.6201984,-30.554499,-23.646711,LYI
2886893747000,9.565019,-3.93852857729614,4.58236834540771,7.63517602869071,-0.002443461,-0.007941248,0.015577064,1.6213049,-30.558697,-23.644846,LYI
2886898724000,9.569996,-3.92993295311475,4.57706588852459,7.63680485,0.00030543262,-0.007941248,0.019547688,1.6285391,-30.553698,-23.647327,LYI
2886903714000,9.574986,-3.91524394737705,4.55258421229508,7.646597725,0.00030543262,-0.014660766,0.016493361,1.6370456,-30.54642,-23.648836,LYI
2886908711000,9.579983,-3.90940406447516,4.53320572815652,7.64566836341053,0.0009162979,-0.004276057,0.011301007,1.6454166,-30.542952,-23.650919,LYI
2886913739000,9.585011,-3.91390090332462,4.51971525856369,7.63217775295106,-0.0021380284,-0.0033597588,0.016798794,1.6543941,-30.539572,-23.648073,LYI
2886918666000,9.589938,-3.91104203841007,4.51214397506887,7.6231384,0.0061086523,-0.009162978,0.025961773,1.6623868,-30.541035,-23.643946,LYI
2886923717000,9.594989,-3.89200527461629,4.51690311632231,7.6231384,0.01038471,-0.006414085,0.027183503,1.6692368,-30.54034,-23.642576,LYI
2886928644000,9.599916,-3.87610072149533,4.52902397476636,7.6231384,0.013133603,0.0012217305,0.02107485,1.6819258,-30.539667,-23.641228,LYI
2886933712000,9.604984,-3.86684357436582,4.56142398971963,7.6231384,-0.00030543262,0.0033597588,0.018936822,1.6935295,-30.536512,-23.638603,LYI
2886938767000,9.610039,-3.85494620783582,4.59089589373134,7.62133562195896,0.004276057,0.01740966,0.01985312,1.6963683,-30.540884,-23.639153,LYI
2886943770000,9.615042,-3.83259885223881,4.60877377820895,7.6123967730597,0.0076358155,0.016493361,0.020158553,1.7020658,-30.541069,-23.637169,LYI
2886948813000,9.620085,-3.81101714605524,4.62642557515271,7.60260486225587,-0.0012217305,0.024740042,0.02107485,1.6995257,-30.544813,-23.637312,LYI
2886953716000,9.624988,-3.80293738339499,4.63854513477587,7.58240541342166,-0.0033597588,0.029321533,0.013133603,1.7000866,-30.549646,-23.637789,LYI
2886958709000,9.629981,-3.79470930773466,4.65088716235051,7.56183518131291,-0.008552114,0.027794369,0.010995574,1.6966503,-30.54989,-23.63354,LYI
2886963743000,9.635015,-3.77303834133333,4.67047565005556,7.55932984233333,-0.011911872,0.032375857,0.016798794,1.6914343,-30.549986,-23.631847,LYI
2886968738000,9.64001,-3.74646272133333,4.69262213880556,7.56375901983333,-0.01863139,0.030543262,0.022907447,1.688122,-30.547638,-23.628574,LYI
2886973731000,9.645003,-3.72403394159363,4.69402183470334,7.55202617699204,-0.02565634,0.034513887,0.02443461,1.6813034,-30.538336,-23.628239,LYI
2886978714000,9.649986,-3.70480509324066,4.67960024863504,7.52799011655082,-0.02565634,0.034208454,0.018325957,1.676028,-30.529173,-23.626642,LYI
2886984555000,9.655827,-3.68700939812781,4.66384379684968,7.50494239792979,-0.027183503,0.028099801,0.016493361,1.6737825,-30.520243,-23.61372,LYI
2886988744000,9.660016,-3.67617666675068,4.65301083924392,7.49049883150315,-0.026572637,0.021991149,0.014660766,1.6730653,-30.511345,-23.601894,LYI
2886993730000,9.665002,-3.6661283991037,4.6358079955185,7.4830632017926,-0.030848695,0.0143553335,0.015882496,1.667513,-30.511438,-23.587584,LYI
2886998716000,9.669988,-3.66115185665451,4.61092528327254,7.49301628669098,-0.030848695,0.008857546,0.0106901415,1.6647527,-30.511675,-23.573906,LYI
2887003692000,9.674964,-3.66599951142804,4.59303736428042,7.50246921572513,-0.03940081,-0.0067195175,0.0033597588,1.6686786,-30.507154,-23.554312,LYI
2887008712000,9.679984,-3.68380856347472,4.58413288474718,7.51137364876829,-0.032375857,-0.01282817,0.014049901,1.6683348,-30.508385,-23.534048,LYI
2887013723000,9.684995,-3.70619969186201,4.57498428800287,7.52598070723718,-0.028099801,-0.018020526,0.00061086525,1.6764303,-30.500208,-23.516766,LYI
2887018749000,9.690021,-3.74068950428908,4.56513010732931,7.55554350650015,-0.035124753,-0.015577064,0.0030543262,1.6770403,-30.494661,-23.496132,LYI
2887023644000,9.694916,-3.77428907368098,4.55553025788341,7.57979868435611,-0.028710667,-0.026572637,-0.00061086525,1.6898148,-30.488184,-23.477167,LYI
2887028775000,9.700047,-3.80952838848479,4.54546185969675,7.59490151818461,-0.028405234,-0.023823744,-0.0018325958,1.6981039,-30.479334,-23.46173,LYI
2887033640000,9.704912,-3.83405752836171,4.54440839254257,7.603985,-0.03145956,-0.020463986,-0.00030543262,1.7081769,-30.467205,-23.45068,LYI
2887038734000,9.710006,-3.8436062109219,4.55873141638285,7.603985,-0.033292156,-0.015271631,-0.0030543262,1.718503,-30.455091,-23.441898,LYI
2887043653000,9.714925,-3.86017779435712,4.56372181670409,7.61428636362394,-0.024740042,-0.008857546,-0.0061086523,1.7291163,-30.44067,-23.440939,LYI
2887048797000,9.720069,-3.8938438506297,4.54929350687299,7.64795231945719,-0.02321288,-0.0061086523,-0.009468411,1.739966,-30.424082,-23.440887,LYI
2887053723000,9.724995,-3.9104986338338,4.5419724598642,7.67487164649517,-0.027183503,0.0036651916,-0.017715093,1.7516205,-30.40727,-23.445993,LYI
2887058777000,9.730049,-3.88735569264607,4.55122968467056,7.68875750787033,-0.02321288,0.0106901415,-0.015882496,1.761272,-30.39416,-23.450022,LYI
2887063771000,9.735043,-3.8698146205484,4.55934461235547,7.70446070690453,-0.017104227,0.019242255,-0.012217305,1.7750875,-30.37416,-23.462074,LYI
2887068740000,9.740012,-3.87374484182359,4.56327479259168,7.7280419524777,-0.02107485,0.021685716,-0.007941248,1.7878742,-30.353497,-23.473719,LYI
2887073714000,9.744986,-3.87767901783944,4.56720892752725,7.75164692641229,-0.027794369,0.0290161,-0.009773844,1.7991886,-30.335903,-23.481495,LYI
2887078715000,9.749987,-3.88180826628242,4.57774106541787,7.7732209314121,-0.03573562,0.03573562,-0.006414085,1.8075248,-30.31868,-23.488115,LYI
2887083640000,9.754912,-3.88592718515414,4.59009777902367,7.79381552577068,-0.030543262,0.03145956,-0.00061086525,1.816163,-30.303648,-23.493595,LYI
2887088720000,9.759992,-3.8859245449792,4.59912610219845,7.8073566550208,-0.023518313,0.03634648,0.0009162979,1.8206074,-30.28541,-23.502552,LYI
2887093737000,9.765009,-3.88116649332541,4.60388425321846,7.81211470667459,-0.03268129,0.03359759,-0.00061086525,1.8262643,-30.265306,-23.508053,LYI
2887098723000,9.769995,-3.88535353219016,4.61993751134613,7.80342984634973,-0.0290161,0.023518313,0.005192355,1.8276929,-30.255428,-23.510246,LYI
2887103711000,9.774983,-3.90006831144881,4.64936717229695,7.77890521425198,-0.02107485,0.029932396,0.0012217305,1.8296533,-30.24327,-23.517351,LYI
2887108709000,9.779981,-3.91645436397107,4.67074289677844,7.7599525270217,-0.019547688,0.020463986,0.01160644,1.8296815,-30.231483,-23.514196,LYI
2887113749000,9.785021,-3.93458794976989,4.68434313346483,7.74635233767258,-0.022602014,0.02107485,0.0076358155,1.8316139,-30.218521,-23.517761,LYI
2887118657000,9.789929,-3.94224692721121,4.6926355,7.72956631802803,-0.014966198,0.015271631,0.013133603,1.8270049,-30.216072,-23.518568,LYI
2887123716000,9.794988,-3.93288027062349,4.6926355,7.70614967655872,-0.01160644,0.018020526,0.014966198,1.8228945,-30.21095,-23.522612,LYI
2887128645000,9.799917,-3.93149593097596,4.6926355,7.68391958628006,-0.011301007,0.013744468,0.014049901,1.8230081,-30.205208,-23.526506,LYI
2887133714000,9.804986,-3.94866170155587,4.6926355,7.66246237305516,-0.0021380284,0.010995574,0.02565634,1.81871,-30.204601,-23.529007,LYI
2887138786000,9.810058,-3.96666319332971,4.6926355,7.64255846175458,0.0033597588,0.01038471,0.021991149,1.8185363,-30.204977,-23.532688,LYI
2887143767000,9.815039,-3.9969254994381,4.6926355,7.64688173862607,-0.0018325958,0.011911872,0.02443461,1.8139559,-30.207165,-23.53339,LYI
2887148713000,9.819985,-4.02697516135581,4.6926355,7.65117463712162,0.004276057,0.0076358155,0.016493361,1.810069,-30.217901,-23.541277,LYI
2887153718000,9.82499,-4.02481250198814,4.68912395099407,7.65538047567143,-0.00580322,0.00030543262,0.021991149,1.8026062,-30.224926,-23.546076,LYI
2887158644000,9.829916,-4.01658520572026,4.68501030286013,7.65949403789676,-0.004886922,0.002443461,0.01985312,1.7985764,-30.233843,-23.554382,LYI
2887163719000,9.834991,-4.01531677475884,4.67251946340434,7.67461947379421,0.0067195175,-0.0018325958,0.026267206,1.7959967,-30.235294,-23.564201,LYI
2887168722000,9.839994,-4.0201311568328,4.65326168375201,7.69869138416399,0.0061086523,-0.0027488936,0.02565634,1.7950238,-30.232683,-23.576445,LYI
2887173777000,9.845049,-4.00899215645397,4.63148435645397,7.7093296,0.005192355,-0.017104227,0.027183503,1.7913619,-30.238148,-23.581694,LYI
2887178780000,9.850052,-3.98565424588407,4.60814644588407,7.7093296,0.006414085,-0.014966198,0.0290161,1.7853544,-30.243715,-23.590479,LYI
2887184594000,9.855866,-3.97222168428997,4.58825458212512,7.71148271571003,0.0061086523,-0.021685716,0.016798794,1.7901804,-30.23846,-23.595812,LYI
2887188726000,9.859998,-3.96960193337306,4.57777563316782,7.71410246662694,0.008857546,-0.014660766,0.023823744,1.7868259,-30.23715,-23.601477,LYI
2887193724000,9.864996,-3.96643312526978,4.56510046693148,7.71727127473022,0.0018325958,-0.032986723,0.033292156,1.786762,-30.234554,-23.59897,LYI
2887198764000,9.870036,-3.95997086128008,4.54890569735791,7.71649283064004,0.01038471,-0.028405234,0.037873644,1.7811373,-30.236837,-23.603153,LYI
2887203778000,9.87505,-3.95013613005632,4.52923618356375,7.71157546502816,0.013744468,-0.027488936,0.038179077,1.7779849,-30.236698,-23.601265,LYI
