timestamp,rel_time,acc_x,acc_y,acc_z,gyro_x,gyro_y,gyro_z,azimuth,pitch,roll,label
9297682966000,0,-0.461613016318362,10.0161840793356,-0.997056792793536,0.48533243,-0.06719518,-0.076052725,206.22063,-67.97406,-21.807772,STD
9297687962000,0.004996,-0.517322091815683,9.99347009508675,-0.998252268145339,0.4810564,-0.0076358155,-0.087659165,206.2749,-68.12131,-21.705763,STD
9297693021000,0.010055,-0.57373366366135,9.97046968549612,-0.999462818546614,0.44806966,0.05009095,-0.090713486,206.3484,-68.40585,-21.458466,STD
9297697975000,0.015009,-0.628974408259775,9.94794665147517,-1.00064824386544,0.41447207,0.09162979,-0.111177474,206.41022,-68.67249,-21.224627,STD
9297702965000,0.019999,-0.684616579342968,9.92525994583034,-1.00184228349824,0.36377025,0.112704635,-0.11209377,206.46175,-68.93333,-20.990952,STD
9297708880000,0.025914,-0.750573180937575,9.89836778873831,-1.00325766314314,0.30482176,0.16371189,-0.10903945,206.49304,-69.1799,-20.766876,STD
9297712959000,0.029993,-0.796057031808987,9.8798228844647,-1.00423371277485,0.2284636,0.17989981,-0.103847094,206.53003,-69.41752,-20.546415,STD
9297718047000,0.035081,-0.852791974989606,9.85669062828816,-1.00545120248461,0.1853976,0.20097467,-0.10293079,206.55156,-69.64682,-20.330732,STD
9297723012000,0.040046,-0.908155377680599,9.83411758349324,-1.00663925995493,0.11942416,0.22296582,-0.09162979,206.56938,-69.87228,-20.114658,STD
9297727962000,0.044996,-0.963351519336272,9.81161273520828,-1.00782372812775,0.04184427,0.24862215,-0.079107046,206.5813,-70.091415,-19.901981,STD
9297732975000,0.050009,-1.01925015734029,9.78882146158151,-1.00902327135004,-0.03268129,0.2959642,-0.056505036,206.58151,-70.31022,-19.687204,STD
9297737956000,0.05499,-1.07479197180229,9.76617567384265,-1.01021515740435,-0.11484267,0.33750305,-0.04337143,206.57735,-70.52388,-19.475536,STD
9297743016000,0.06005,-1.13121469438365,9.74317071781802,-1.01142594709213,-0.17073683,0.3817908,-0.03023783,206.55972,-109.26147,-19.261463,STD
9297748011000,0.065045,-1.18691261914528,9.7204612800032,-1.01262118315743,-0.22876903,0.43188173,-0.012217305,206.52956,-109.04682,-19.046326,STD
9297752956000,0.06999,-1.24205300712251,9.69797916388822,-1.01380445489776,-0.28252518,0.48563787,-0.0033597588,206.4868,-108.83591,-18.834156,STD
9297757966000,0.075,-1.29791819291947,9.67520152956345,-1.01500328026055,-0.3286455,0.5421429,0.006414085,206.43013,-108.62426,-18.620708,STD
9297762961000,0.079995,-1.3536161176811,9.65249209174862,-1.01619851632586,-0.35979962,0.59589905,0.017715093,206.36024,-108.41422,-18.40843,STD
9297768023000,0.085057,-1.41006114173383,9.629478042856,-1.01740978458663,-0.38026363,0.63713247,0.028405234,206.27942,-108.20608,-18.19772,STD
9297773035000,0.090069,-1.46594862900216,9.60669131566323,-1.01860908852243,-0.40011674,0.6713409,0.03634648,206.187,-107.99994,-17.988752,STD
9297778451000,0.095485,-1.52634101348845,9.58206782913568,-1.01990506420405,-0.42760566,0.68966687,0.044593163,206.08955,-107.795044,-17.780909,STD
9297782955000,0.099989,-1.57656392702726,9.56159069041337,-1.02098281059806,-0.43279803,0.70432764,0.057726767,205.98563,-107.591125,-17.573612,STD
9297787951000,0.104985,-1.63227300252459,9.53887670616455,-1.02217828594987,-0.4392121,0.7079928,0.07238753,205.88219,-107.38867,-17.36786,STD
9297793043000,0.110077,-1.68905254864796,9.51572626425202,-1.02339673280563,-0.43890667,0.7058548,0.0870483,205.77882,-107.18706,-17.162664,STD
9297798007000,0.115041,-1.74440480060326,9.4931577658911,-1.02458455098945,-0.44318274,0.68691796,0.09010262,205.68207,-106.98898,-16.961052,STD
9297802977000,0.120011,-1.7998239569727,9.4705619889262,-1.02577380489226,-0.43066,0.67103547,0.10262536,205.5878,-106.78883,-16.756897,STD
9297807957000,0.124991,-1.85535462069901,9.44792074762133,-1.02696545166007,-0.41722095,0.63132924,0.105374254,205.50874,-106.595055,-16.559227,STD
9297812955000,0.129989,-1.91108599766771,9.42519767050452,-1.02816140558487,-0.4156938,0.5821546,0.10598512,205.43973,-106.402756,-16.363024,STD
9297818042000,0.135076,-1.96780979011264,9.40206996076197,-1.02937865600814,-0.40469822,0.5177083,0.112399206,205.3894,-106.21279,-16.168888,STD
9297823010000,0.140044,-2.02320664501069,9.37948327666507,-1.03056743133795,-0.37690386,0.44257188,0.11453723,205.35887,-106.02849,-15.980264,STD
9297828051000,0.145085,-2.07941750361398,9.35656470288638,-1.03177367458223,-0.35460728,0.36285394,0.11056661,205.35059,-105.84836,-15.795993,STD
9297833068000,0.150102,-2.13536074456075,9.33375524352363,-1.03297417495053,-0.3323107,0.26542094,0.10354166,205.37132,-105.67313,-15.61647,STD
9297838022000,0.155056,-2.19060148915917,9.31123220950268,-1.03415960026935,-0.3136793,0.17867808,0.10629055,205.4137,-105.5005,-15.439448,STD
9297843015000,0.160049,-2.24627711244943,9.28853186455585,-1.03535435776165,-0.2837469,0.09010262,0.11301007,205.4862,-105.333244,-15.267492,STD
9297848319000,0.165353,-2.30542061453866,9.26441757863596,-1.03662353335532,-0.25320363,-0.007330383,0.11178834,205.5874,-105.17149,-15.101087,STD
9297852979000,0.170013,-2.35738304284481,9.24323119621012,-1.03773860844327,-0.21013765,-0.0983493,0.10995574,205.71303,-105.012596,-14.936797,STD
9297857954000,0.174988,-2.41285795289268,9.22061268707524,-1.03892905877858,-0.18112154,-0.19608775,0.112399206,205.8692,-104.8566,-14.775531,STD
9297862950000,0.179984,-2.46856702839,9.19789870282642,-1.04012453413039,-0.12858713,-0.26847526,0.116675265,206.04419,-104.705765,-14.617732,STD
9297868085000,0.185119,-2.52582605614796,9.17455276425202,-1.04135327030563,-0.09743301,-0.35033122,0.11056661,206.24985,-104.56054,-14.465883,STD
9297873028000,0.190062,-2.58094414265381,9.15207974100504,-1.04253606347296,-0.048563786,-0.4266894,0.1133155,206.47421,-104.416916,-14.313581,STD
9297878017000,0.195051,-2.63657516300132,9.12939758179419,-1.04372986381926,0.00030543262,-0.47891834,0.10354166,206.714,-104.28268,-14.169694,STD
9297882975000,0.200009,-2.56879679451093,9.13496360983088,-1.2381435030363,0.053145275,-0.5329799,0.102319926,206.97533,-104.150116,-14.025776,STD
9297887926000,0.20496,-2.48438711667491,9.1443421582435,-1.45854639293838,0.099265605,-0.5748242,0.09560041,207.24649,-104.02646,-13.88898,STD
9297893077000,0.210111,-2.5584008115,9.1583623505,-1.4689576216,0.1301143,-0.5983425,0.08155051,207.52199,-104.172,-14.020491,STD
9297897994000,0.215028,-2.6572880736,9.1724893832,-1.44070414624,0.17195857,-0.6078109,0.065973446,207.80026,-104.31687,-14.149054,STD
9297903015000,0.220049,-2.64339807820958,9.20718771180728,-1.5058106669079,0.20189096,-0.6215554,0.0571159,208.091,-104.45524,-14.263576,STD
9297907976000,0.22501,-2.61042756828591,9.24486809784872,-1.58588195447606,0.21319197,-0.6218608,0.03634648,208.37503,-104.59717,-14.379957,STD
9297912958000,0.229992,-2.57832101545663,9.31951913708445,-1.66005909454528,0.23915374,-0.61544675,0.021991149,208.64989,-104.75419,-14.509574,STD
9297918013000,0.235047,-2.54594844390523,9.40276293389377,-1.73405337134123,0.25442538,-0.6038403,0.01160644,208.91826,-104.91053,-14.637928,STD
9297923019000,0.240053,-2.53418948615542,9.47854178159509,-1.79652666353783,0.26847526,-0.5757405,-0.0036651916,209.17955,-105.06407,-14.75866,STD
9297928119000,0.245153,-2.52919550149284,9.55345233374233,-1.85645515740286,0.25686884,-0.5384777,-0.018020526,209.43019,-105.21444,-14.875959,STD
9297932960000,0.249994,-2.51350732777833,9.61892364071915,-1.90809383113701,0.24831672,-0.50243664,-0.026267206,209.66531,-105.353905,-14.977057,STD
9297937965000,0.254999,-2.49456748420429,9.68521282129803,-1.96017831444236,0.23335053,-0.44501534,-0.03970624,209.87941,-105.493126,-15.077566,STD
9297943058000,0.260092,-2.47503171013595,9.71325564146086,-1.99672298378248,0.21563543,-0.39003745,-0.055588737,210.0835,-105.6301,-15.173053,STD
9297947983000,0.265017,-2.45606069412758,9.72843277121712,-2.02707660939587,0.19761491,-0.3222314,-0.06047566,210.2641,-105.76225,-15.263017,STD
9297953005000,0.270039,-2.43404996406501,9.74497013864366,-2.05747237788925,0.160963,-0.26419923,-0.06841691,210.42273,-105.88399,-15.341508,STD
9297957954000,0.274988,-2.40552137214085,9.76398913372793,-2.08600111876003,0.13530666,-0.20799962,-0.06963864,210.56038,-106.00083,-15.414015,STD
9297963898000,0.280932,-2.36156903615365,9.76639200804568,-2.09921225865559,0.11881329,-0.14446963,-0.0720821,210.67657,-106.112785,-15.479466,STD
9297968081000,0.285115,-2.31998080986244,9.74559787680595,-2.08534948037027,0.09560041,-0.08002335,-0.0842994,210.77481,-106.22175,-15.543185,STD
9297973432000,0.290466,-2.26572499977176,9.71954098891425,-2.06706016022172,0.0729984,-0.024740042,-0.087659165,210.85683,-106.32236,-15.595932,STD
9297977982000,0.295016,-2.20415916290621,9.7053336744919,-2.04338097317683,0.061391957,0.018936822,-0.09010262,210.92288,-106.42188,-15.647507,STD
9297982990000,0.300024,-2.14040902071154,9.68753267903846,-2.02010672915385,0.04734206,0.05100725,-0.10629055,210.97743,-106.51459,-15.693159,STD
9297987977000,0.305011,-2.10367084665385,9.65538666884616,-2.01551446938462,0.05375614,0.08032878,-0.105374254,211.02068,-106.601364,-15.731019,STD
9297993116000,0.31015,-2.06644516369938,9.62075842598277,-2.00898436369938,0.050701816,0.13439035,-0.11301007,211.03934,-106.68035,-15.760604,STD
9297997981000,0.315015,-2.03876452284385,9.57001048806812,-1.98130372284385,0.048563786,0.14080444,-0.11942416,211.06439,-106.75744,-15.788274,STD
9298003354000,0.320388,-2.00623629023847,9.51649171400281,-1.95285308241604,0.05955936,0.17470746,-0.12614368,211.06569,-106.83116,-15.808924,STD
9298007965000,0.324999,-1.96251123382292,9.49098568157439,-1.94556557935473,0.06658431,0.18784106,-0.12370021,211.07251,-106.901825,-15.827666,STD
9298012938000,0.329972,-1.91535341435762,9.46347722369832,-1.9377059496163,0.076358154,0.20738874,-0.111177474,211.06099,-106.96687,-15.838256,STD
9298017996000,0.33503,-1.86506666189033,9.42376299420419,-1.91894445384753,0.07727446,0.21533,-0.1151481,211.05006,-107.03406,-15.851611,STD
9298022959000,0.339993,-1.8142101393045,9.37714442666072,-1.89351614830138,0.09040806,0.22113322,-0.1151481,211.03612,-107.0978,-15.858704,STD
9298028394000,0.345428,-1.7580134446212,9.32580683972957,-1.86224424245377,0.09590584,0.21135938,-0.10842858,211.02838,-107.149185,-15.854686,STD
9298033896000,0.35093,-1.70038691451581,9.27341858779081,-1.82557284901571,0.116675265,0.19517145,-0.10751228,211.02216,-107.20425,-15.851683,STD
9298037931000,0.354965,-1.65207400013675,9.22891901103731,-1.76864671127173,0.12797627,0.17806722,-0.105068825,211.02722,-107.24825,-15.840008,STD
9298043427000,0.360461,-1.57495810922055,9.15694438708732,-1.63497924575112,0.13530666,0.15577064,-0.101098195,211.03993,-107.29275,-15.827921,STD
9298047956000,0.36499,-1.52207008397275,9.09795953244891,-1.55718739315167,0.12767084,0.110872045,-0.09590584,211.06213,-107.326965,-15.807757,STD
9298052978000,0.370012,-1.48758124238078,9.03329295446397,-1.54425403253854,0.14080444,0.076052725,-0.10293079,211.08862,-107.36613,-15.790203,STD
9298058064000,0.375098,-1.45274122199791,8.96833460285416,-1.53302234737209,0.13897185,0.03940081,-0.09896017,211.1315,-107.38451,-15.76245,STD
9298062956000,0.37999,-1.42012739202924,8.91126056004177,-1.54117583679081,0.14446963,0.010079277,-0.093767814,211.18259,-107.406525,-15.7373295,STD
9298068004000,0.385038,-1.38647354622346,8.85236649460494,-1.54958933118691,0.15149458,-0.0067195175,-0.086437434,211.24014,-107.4264,-15.709731,STD
9298072966000,0.39,-1.37277464355609,8.80167993317422,-1.55458544463007,0.15943582,-0.02687807,-0.073303826,211.30779,-107.44394,-15.680195,STD
9298078034000,0.395068,-1.36450069725537,8.75203582338902,-1.55872243937948,0.17562376,-0.04062254,-0.070249505,211.37833,-107.46386,-15.651825,STD
9298083029000,0.400063,-1.37817045467264,8.74045196819324,-1.55417053065909,0.18936823,-0.047036625,-0.06505715,211.4546,-107.476906,-15.614924,STD
9298088014000,0.405048,-1.41991521191387,8.77697884872664,-1.5385161922068,0.21899518,-0.064446285,-0.07727446,211.53743,-107.497604,-15.583132,STD
9298093240000,0.410274,-1.47156254100851,8.9101109872418,-1.49185648515883,0.23365596,-0.093462385,-0.07696902,211.62389,-107.515625,-15.547849,STD
9298098041000,0.415075,-1.52343871688943,9.08569166585662,-1.43199940722097,0.24862215,-0.1001819,-0.09162979,211.70763,-107.54418,-15.520002,STD
9298103093000,0.420127,-1.58204501658918,9.28998165352427,-1.37882509908871,0.25381452,-0.12858713,-0.089186326,211.80899,-107.57508,-15.497777,STD
9298108031000,0.425065,-1.64800689773108,9.53184217519063,-1.34804290931746,0.2593123,-0.15424347,-0.08368854,211.91063,-107.61031,-15.478684,STD
9298112973000,0.430007,-1.71170195847078,9.77029087205644,-1.32096027710935,0.25870144,-0.17623462,-0.07238753,212.01563,-107.634186,-15.457923,STD
9298118047000,0.435081,-1.76266201401468,9.99266161893412,-1.31632754918486,0.25473082,-0.18478674,-0.058643065,212.12387,-107.65581,-15.435264,STD
9298123077000,0.440111,-1.8125486095373,10.2094274513692,-1.31265562738432,0.25320363,-0.16523905,-0.042455133,212.23224,-107.669975,-15.410683,STD
9298128042000,0.445076,-1.85245947891092,10.3690711372364,-1.32263334472773,0.24251351,-0.13652839,-0.022907447,212.3403,-107.67772,-15.381252,STD
9298133048000,0.450082,-1.88807311038197,10.5165735213922,-1.3326184028523,0.24037547,-0.10629055,-0.013133603,212.44148,-107.68352,-15.349967,STD
9298138014000,0.455048,-1.89755922529171,10.5877190117682,-1.34210446823576,0.23579398,-0.06566802,-0.008552114,212.53102,-107.68398,-15.313338,STD
9298142966000,0.46,-1.90706959590819,10.6513365341157,-1.35289979181639,0.22418754,-0.0070249503,-0.0021380284,212.60547,-107.67936,-15.27146,STD
9298147967000,0.465001,-1.91701737382906,10.6662585126181,-1.37279534765812,0.2134974,0.054061573,0.0015271631,212.66685,-107.674065,-15.227853,STD
9298152954000,0.469988,-1.92300320120627,10.6723349834138,-1.38186450422195,0.2049453,0.1142318,0.008857546,212.71165,-107.66639,-15.179617,STD
9298157864000,0.474898,-1.91354962501005,10.6439741561118,-1.34877698753518,0.19822577,0.17623462,0.00061086525,212.73743,-107.66085,-15.132884,STD
9298162864000,0.479898,-1.89879467439381,10.6058253909803,-1.3119882557128,0.17592919,0.22724187,0.0033597588,212.74585,-107.65299,-15.081728,STD
9298167939000,0.484973,-1.86211021477498,10.5278708245117,-1.26154714169261,0.15821409,0.26358834,0.0012217305,212.74031,-107.64845,-15.033199,STD
9298172899000,0.489933,-1.82594818165501,10.4474017706355,-1.21182436385266,0.14782938,0.28802297,-0.005497787,212.72539,-107.6387,-14.98398,STD
9298177875000,0.494909,-1.78616588467077,10.3181093703433,-1.1571237249713,0.14294247,0.30482176,-0.0067195175,212.70297,-107.62691,-14.933706,STD
9298182864000,0.499898,-1.7461350181059,10.1917544259347,-1.10377561266844,0.13561209,0.30726522,-0.013744468,212.67963,-107.61494,-14.887949,STD
9298187872000,0.504906,-1.70517415934712,10.0825253266749,-1.05826349985766,0.12950343,0.30207285,-0.011301007,212.65482,-107.60094,-14.840603,STD
9298192993000,0.510027,-1.66562018265992,9.97270668952155,-1.01365307309083,0.12705997,0.2782491,-0.011911872,212.63327,-107.58503,-14.796304,STD
9298197894000,0.514928,-1.65591962632014,9.89025244176914,-0.994252061703007,0.12614368,0.27183503,-0.013439035,212.60896,-107.56863,-14.7521,STD
9298202876000,0.51991,-1.64499054560844,9.8095665136427,-0.975169181308504,0.116675265,0.24709499,-0.0061086523,212.59515,-107.54498,-14.705913,STD
9298207872000,0.524906,-1.62593231306513,9.75239161700856,-0.960875482025493,0.1151481,0.2171626,-0.006414085,212.58485,-107.52518,-14.663876,STD
9298212867000,0.529901,-1.60940205694118,9.69631943058823,-0.947106736117647,0.10567969,0.19120082,-0.013744468,212.5809,-107.505196,-14.626474,STD
9298217954000,0.534988,-1.61417825121569,9.64855748784314,-0.937554347568627,0.10170906,0.17470746,-0.013744468,212.58362,-107.48458,-14.588896,STD
9298222907000,0.539941,-1.61882150741381,9.60178374695093,-0.930315081436666,0.087659165,0.160963,-0.022907447,212.59525,-107.46354,-14.557332,STD
9298227921000,0.544955,-1.62343286583117,9.55105918957073,-0.948760539181792,0.08582657,0.14508049,-0.014966198,212.61328,-107.44011,-14.522513,STD
9298233188000,0.550222,-1.62849014421531,9.49499645132911,-0.968989679122127,0.07727446,0.14813483,-0.014049901,212.62346,-107.421455,-14.495255,STD
9298237873000,0.554907,-1.63697889797559,9.39313105165074,-1.00294473848264,0.064751714,0.15088372,-0.009162978,212.63898,-107.39939,-14.465963,STD
9298242914000,0.559948,-1.64611268830763,9.28352518616971,-1.03947994749787,0.06566802,0.15088372,-0.004581489,212.65651,-107.38376,-14.440966,STD
9298247891000,0.564925,-1.6472107,9.270349,-1.05751168484848,0.04917465,0.15790866,-0.0030543262,212.67125,-107.36333,-14.415468,STD
9298253142000,0.570176,-1.65018414220518,9.26886224978958,-1.07111567695689,0.04153884,0.1518,-0.0015271631,212.69005,-107.34373,-14.38982,STD
9298257858000,0.574892,-1.6839739095296,9.25196703535023,-1.05422077124287,0.029626964,0.15271631,0.0027488936,212.70528,-107.33281,-14.370904,STD
9298262922000,0.579956,-1.72025706935378,9.2338251002525,-1.03607916765173,0.032070424,0.16523905,0.0106901415,212.71886,-107.32408,-14.350928,STD
9298268052000,0.585086,-1.73646930572922,9.22782665016627,-1.03008039809026,0.0125227375,0.1591304,0.00061086525,212.73688,-107.31346,-14.336034,STD
9298272971000,0.590005,-1.74989684374347,9.22335117805226,-1.02560455208551,-0.004581489,0.160963,0.002443461,212.74994,-107.29915,-14.314944,STD
9298278035000,0.595069,-1.76852185466218,9.21448172679099,-1.01673519350861,-0.010995574,0.16157386,0.0036651916,212.7638,-107.290436,-14.305277,STD
9298282927000,0.599961,-1.78761890058086,9.20493302934882,-1.00718669547539,-0.019242255,0.160963,0.011911872,212.7778,-107.27687,-14.293305,STD
9298288969000,0.606003,-1.8082180399061,9.18161707511737,-1.03159745516432,-0.02321288,0.15851954,0.011301007,212.78368,-107.26937,-14.2861185,STD
9298293040000,0.610074,-1.82177643072509,9.16466908659364,-1.05193507678665,-0.033292156,0.15149458,0.015882496,212.79173,-107.256676,-14.275648,STD
9298298043000,0.615077,-1.84258745521547,9.14737669895288,-1.05497515885018,-0.043066,0.14966199,0.01985312,212.8024,-107.245384,-14.2701435,STD
9298303029000,0.620063,-1.8666258788965,9.13295384554974,-1.04055205444019,-0.040927973,0.13683382,0.02443461,212.81837,-107.23348,-14.264214,STU
9298308019000,0.625053,-1.89092238713247,9.13779154861182,-1.04538973549841,-0.045814894,0.13530666,0.029626964,212.8248,-107.227264,-14.260897,STU
9298313023000,0.630057,-1.91547028554451,9.15742972379879,-1.0650280644811,-0.058337633,0.13408493,0.025961773,212.83452,-107.22137,-14.259486,STU
9298318073000,0.635107,-1.9392019082299,9.18212050945198,-1.08401336658392,-0.056505036,0.13652839,0.034208454,212.83891,-107.214134,-14.255908,STU
9298323058000,0.640092,-1.96199183948826,9.20946852215009,-1.10224531159061,-0.06505715,0.1282817,0.03848451,212.84625,-107.20534,-14.255141,STU
9298327979000,0.645013,-1.98194755932045,9.24299701082797,-1.13600436195277,-0.06261369,0.14049901,0.03756821,212.84766,-107.19993,-14.254653,STU
9298333014000,0.650048,-1.999951549986,9.2835058958275,-1.18551538328199,-0.05681047,0.1563815,0.047036625,212.85092,-107.19049,-14.250328,STU
9298337964000,0.654998,-2.02217466285172,9.32706496364211,-1.22729976285172,-0.05131268,0.17898351,0.05375614,212.8439,-107.18704,-14.248522,STU
9298343039000,0.660073,-2.05290641119191,9.37828507903889,-1.25803151119191,-0.0580322,0.2134974,0.0571159,212.82915,-107.18129,-14.243769,STU
9298347980000,0.665014,-2.0883750058387,9.44179607547354,-1.29130177622535,-0.05955936,0.25320363,0.058643065,212.80318,-107.1789,-14.234886,STU
9298352963000,0.669997,-2.13030936887327,9.52100495215778,-1.32857672774849,-0.0580322,0.30024028,0.06261369,212.76576,-107.17471,-14.222654,STU
9298358962000,0.675996,-2.17474241510452,9.6470733646325,-1.36280528338672,-0.056199603,0.36163223,0.05955936,212.70563,-107.17734,-14.211433,STU
9298362954000,0.679988,-2.2005216366824,9.75019038553608,-1.37891726322488,-0.06841691,0.4166101,0.05955936,212.63504,-107.176346,-14.196705,STU
9298368077000,0.685111,-2.23506132272685,9.88101862631726,-1.39974092152383,-0.07238753,0.46120325,0.059253927,212.54965,-107.18709,-14.187119,STU
9298373096000,0.69013,-2.28885154134104,9.98859878271006,-1.42215356721999,-0.07727446,0.5158757,0.06536258,212.44728,-107.19397,-14.172966,STU
9298377960000,0.694994,-2.34098057567845,10.0928565792222,-1.44387405111443,-0.10323623,0.5839872,0.077579886,212.3284,-107.19505,-14.15426,STU
9298382971000,0.700005,-2.39204891111004,10.1575767362447,-1.42946830244325,-0.12522738,0.6337727,0.08827003,212.20123,-107.19483,-14.133166,STU
9298387960000,0.704994,-2.44260342325895,10.2173228426318,-1.41108473005002,-0.1423316,0.6563747,0.083383106,212.06432,-107.1922,-14.111965,STU
9298393055000,0.710089,-2.53304923663424,10.228029,-1.41166613596956,-0.17165314,0.7296785,0.093767814,211.89565,-107.18233,-14.082905,STU
9298397953000,0.714987,-2.62793908096522,10.228029,-1.41618478985647,-0.18692477,0.80756384,0.086437434,211.7205,-107.177574,-14.059913,STU
9298402980000,0.720014,-2.74471927489647,10.1855936672254,-1.37846820493985,-0.21685717,0.88239485,0.07849618,211.52565,-107.161934,-14.035828,STU
9298407940000,0.724974,-2.86649260560047,10.1293909300927,-1.32694871134885,-0.25045475,0.9599747,0.06780604,211.30997,-107.14621,-14.011956,STU
9298412958000,0.729992,-2.9782634170384,10.0632226419705,-1.25548579144686,-0.29352075,1.0256428,0.053145275,211.0658,-107.14829,-14.008732,STU
9298418000000,0.735034,-3.08596160293832,9.9929847265322,-1.17588272282777,-0.321926,1.0845913,0.049480084,210.80481,-107.147514,-14.002965,STU
9298423091000,0.740125,-3.11909644821171,9.82821185494942,-0.96089139617052,-0.37140608,1.0891727,0.04795292,210.53624,-107.152824,-14.0243435,STU
9298428020000,0.745054,-3.11483312141438,9.62356976472182,-0.688035453937861,-0.4166101,1.0485502,0.03756821,210.26709,-107.15766,-14.0494175,STU
9298432956000,0.74999,-3.09859915480325,9.44045351527808,-0.497022391547593,-0.4615087,0.97158116,0.028099801,209.99715,-107.16358,-14.095916,STU
9298437946000,0.75498,-3.06708339419653,9.28287526071664,-0.407727970510002,-0.51159966,0.86376345,0.009468411,209.75047,-107.167336,-14.152066,STU
9298443573000,0.760607,-3.0389070759276,9.16613515972851,-0.376177830678733,-0.548557,0.7302894,-0.0106901415,209.52603,-107.15398,-14.227222,STU
9298448051000,0.765085,-3.01950213909502,9.098217813273,-0.379411986817496,-0.5751296,0.61727935,-0.040011674,209.32762,-107.14442,-14.314826,STU
9298453307000,0.770341,-2.99520226831169,9.02010493333333,-0.38478696470303,-0.6047566,0.48991394,-0.06994407,209.1724,-107.12968,-14.415235,STU
9298457960000,0.774994,-2.93733103402597,8.98924003333333,-0.42722590610303,-0.6105598,0.38362336,-0.09712757,209.04343,-107.12537,-14.527152,STU
9298462977000,0.780011,-2.8749325851948,8.9559606,-0.472984807672727,-0.6084218,0.28496864,-0.108123146,208.93932,-107.12383,-14.642577,STU
9298468125000,0.785159,-2.80378827067171,8.91029339886471,-0.529123562624409,-0.59498274,0.18570304,-0.118202426,208.86507,-107.13388,-14.769239,STU
9298473041000,0.790075,-2.73252301390728,8.86129897086093,-0.58702655002649,-0.55924714,0.1160644,-0.12064589,208.81035,-107.15229,-14.898544,STU
9298478032000,0.795066,-2.66673688855422,8.81395093072289,-0.683587855903614,-0.51343226,0.04886922,-0.121256754,208.78093,-107.17318,-15.019007,STU
9298483019000,0.800053,-2.60616686947791,8.76852321876981,-0.80977558977806,-0.46517387,-0.009162978,-0.124311075,208.76796,-107.20339,-15.141769,STU
9298488011000,0.805045,-2.55189427001844,8.71628116951373,-0.916946498825585,-0.41538838,-0.03940081,-0.12095132,208.76135,-107.23464,-15.248106,STU
9298493076000,0.81011,-2.50010620586237,8.65978525594487,-1.01581453192274,-0.33444872,-0.089186326,-0.11911872,208.77611,-107.278885,-15.357193,STU
9298498033000,0.815067,-2.47439087323609,8.63227777922615,-1.11046873789572,-0.3100141,-0.110872045,-0.11453723,208.78267,-107.32453,-15.4517,STU
9298503024000,0.820058,-2.46450093771984,8.62238768880612,-1.20442268640596,-0.24984388,-0.11942416,-0.12156218,208.79834,-107.38741,-15.548687,STU
9298508025000,0.825059,-2.45805904027517,8.619126,-1.2354081,-0.20250183,-0.112704635,-0.12034045,208.8103,-107.4506,-15.631818,STU
9298513012000,0.830046,-2.45333178088686,8.619126,-1.2354081,-0.15118915,-0.092240654,-0.13072516,208.81883,-107.52541,-15.718255,STU
9298518132000,0.835166,-2.44221045165524,8.64748224373164,-1.21335332052889,-0.11636983,-0.07238753,-0.14385876,208.81993,-107.61149,-15.801813,STU
9298523005000,0.840039,-2.42849808738492,8.68861947972576,-1.18135780389814,-0.10293079,-0.087659165,-0.13530666,208.8252,-107.69629,-15.880858,STU
9298527968000,0.845002,-2.37226132082718,8.72783786262925,-1.1430350957164,-0.0852157,-0.13958271,-0.13652839,208.83217,-107.787125,-15.962657,STU
9298532951000,0.849985,-2.2876742211226,8.7654321564254,-1.10074152132939,-0.08155051,-0.23335053,-0.12889257,208.85631,-107.87118,-16.039963,STU
9298537953000,0.854987,-2.19422745639023,8.81866379943682,-1.0821792,-0.07574729,-0.3659083,-0.13194689,208.90318,-107.94684,-16.113794,STU
9298543071000,0.860105,-2.09182719671178,8.88544651684985,-1.0821792,-0.08002335,-0.52412236,-0.12950343,208.98488,-108.01642,-16.186909,STU
9298547956000,0.86499,-2.00610373395474,8.97912379952148,-1.09945010947064,-0.07788532,-0.68844515,-0.1301143,209.10692,-108.06066,-16.242159,STU
9298552965000,0.869999,-1.93915296357292,9.12737192323796,-1.147272102582,-0.06688975,-0.8185594,-0.12308934,209.2638,-108.101585,-16.297739,STU
9298557920000,0.874954,-1.89134816443344,9.31601111039907,-1.24841060377221,-0.055588737,-0.9211848,-0.10934488,209.46487,-108.115906,-16.32955,STU
9298562948000,0.879982,-1.87732190448587,9.58601676085057,-1.45179148285756,-0.044898596,-0.9947941,-0.08674286,209.69313,-108.12646,-16.359074,STU
9298568311000,0.885345,-1.86236111846781,9.87401204791727,-1.66872299728372,-0.03756821,-1.022283,-0.07238753,209.9387,-108.11885,-16.365992,STU
9298573089000,0.890123,-1.85168984165647,10.040617623317,-1.83277259834761,-0.010079277,-1.0155635,-0.04917465,210.19328,-108.106346,-16.364182,STU
9298577981000,0.895015,-1.84213257817217,10.1648621484088,-1.98568891389229,0.0143553335,-0.96852684,-0.028405234,210.4406,-108.09084,-16.357208,STU
9298582959000,0.899993,-1.82886008985127,10.2434800419948,-2.07940709221347,0.04550946,-0.91629785,-0.014049901,210.67548,-108.06369,-16.311926,STU
9298587982000,0.905016,-1.81355609990456,10.2970443264137,-2.14062313190169,0.08155051,-0.88697636,-0.0030543262,210.90077,-108.035995,-16.26104,STU
9298593127000,0.910161,-1.79076185991116,10.3474187073848,-2.1997888377568,0.09315695,-0.79076505,0.0076358155,211.08302,-108.00965,-16.191854,STU
9298598003000,0.915037,-1.73458430244309,10.3733468802517,-2.23868096168795,0.12889257,-0.677755,0.01160644,211.24979,-107.99048,-16.120647,STU
9298603400000,0.920434,-1.67091198229559,10.4016703031132,-2.27852561813206,0.15149458,-0.56138515,0.02565634,211.38484,-107.96427,-16.031572,STU
9298607948000,0.924982,-1.59640748027711,10.4202964091687,-2.2673499544988,0.17501289,-0.46028697,0.032070424,211.49052,-107.94513,-15.941356,STU
9298612922000,0.929956,-1.51492432437564,10.4406671768731,-2.25512749387615,0.19333886,-0.34788775,0.029626964,211.56267,-107.917725,-15.831445,STU
9298618017000,0.935051,-1.42290645519571,10.469821298033,-2.22287525483807,0.19608775,-0.23426682,0.02321288,211.6058,-107.89306,-15.719113,STU
9298623007000,0.940041,-1.32795665984502,10.5030534289688,-2.18014784693026,0.18387043,-0.15210545,0.034513887,211.62749,-107.86727,-15.601656,STU
9298628737000,0.945771,-1.24086610506039,10.5190485645274,-2.11235550506039,0.17623462,-0.06688975,0.04184427,211.63019,-107.83044,-15.46856,STU
9298633032000,0.950066,-1.18338992550155,10.5231540855375,-2.05487932550155,0.14905111,0.02076942,0.046120327,211.61069,-107.79001,-15.3326235,STU
9298638032000,0.955066,-1.14124569101796,10.5278357125748,-2.00688578802395,0.1142318,0.096516706,0.044593163,211.58932,-107.73343,-15.18292,STU
9298643124000,0.960158,-1.11298700900135,10.5325455912691,-1.96920754533514,0.07269296,0.18020524,0.056505036,211.54312,-107.67087,-15.02756,STU
9298648146000,0.96518,-1.11865998860681,10.577805971517,-1.93056565170279,0.018936822,0.26511553,0.046731193,211.48503,-107.59786,-14.870967,STU
9298653025000,0.970059,-1.14759200544892,10.6501360136223,-1.89198957889577,-0.050701816,0.3277292,0.050396383,211.41261,-107.513405,-14.708379,STU
9298657965000,0.974999,-1.19089260028962,10.6985664343354,-1.81869230622191,-0.1151481,0.3717115,0.044593163,211.32495,-107.419014,-14.545561,STU
9298663032000,0.980066,-1.24420155947269,10.7324899816239,-1.72176696729252,-0.19181168,0.3820962,0.047647487,211.23212,-107.312454,-14.382246,STU
9298668161000,0.985195,-1.32007847739493,10.762389428621,-1.63603261032303,-0.26450464,0.36713,0.0571159,211.14207,-107.20057,-14.228605,STU
9298673051000,0.990085,-1.40466304432789,10.7884156425842,-1.56120776322334,-0.3182608,0.32162055,0.06047566,211.0599,-107.083725,-14.081092,STU
9298678436000,0.99547,-1.49780985269885,10.8170764119486,-1.47880862178534,-0.36346483,0.2507602,0.06505715,210.99693,-106.95524,-13.947527,STU
9298684013000,1.001047,-1.57248684213457,10.8514674333302,-1.46101201443805,-0.39614612,0.16401732,0.07422013,210.95338,-106.8219,-13.818563,STU
9298687995000,1.005029,-1.62286787871096,10.87665770737,-1.45741337165235,-0.4025602,0.12583824,0.0870483,210.91742,-106.687294,-13.691999,STU
9298693001000,1.010035,-1.67063588400353,10.9122541024691,-1.45046900959436,-0.4089743,0.03481932,0.1020145,210.924,-106.55359,-13.594858,STU
9298698084000,1.015118,-1.70926995612875,10.9508880401235,-1.441883670194,-0.3912592,-0.077579886,0.121256754,210.94847,-106.42243,-13.498506,STU
9298703042000,1.020076,-1.74971266524093,10.9931429403524,-1.45826854734664,-0.34422258,-0.18173242,0.12980886,210.99649,-106.305145,-13.418665,STU
9298708035000,1.025069,-1.7953880166419,11.0438932719168,-1.51916899821694,-0.2910773,-0.29260445,0.14630222,211.07927,-106.18872,-13.338813,STU
9298713018000,1.030052,-1.84367537290424,11.1014380647559,-1.59741754567152,-0.19456059,-0.398895,0.14538592,211.18864,-106.09849,-13.276157,STU
9298718166000,1.0352,-1.8967239442825,11.1689547670938,-1.6986920452509,-0.09193522,-0.5177083,0.14844026,211.33298,-106.01555,-13.214747,STU
9298723028000,1.040062,-1.95097291513242,11.2629416087427,-1.7886037089298,0.043676864,-0.6411031,0.14385876,211.50565,-105.97111,-13.170231,STU
9298728025000,1.045059,-2.0122231371271,11.399577112927,-1.87341180700994,0.17837265,-0.79443026,0.13683382,211.71913,-105.94411,-13.132905,STU
9298733009000,1.050043,-2.08065940844258,11.5398336766155,-1.94748797993491,0.3454443,-0.93126404,0.13927728,211.96092,-105.95866,-13.10688,STU
9298738021000,1.055055,-2.16099242482566,11.6871105160391,-2.00550620223152,0.5323691,-1.0656544,0.13744467,212.24281,-106.00078,-13.090755,STU
9298743019000,1.060053,-2.25086347070283,11.8470331944232,-2.0925629552712,0.7162395,-1.1933253,0.1386664,212.56442,-106.07923,-13.086294,STU
9298748167000,1.065201,-2.37515266902215,12.0541821860199,-2.27711364266616,0.89858276,-1.2999213,0.14110987,212.91493,-106.18721,-13.08656,STU
9298753915000,1.070949,-2.51392778789152,12.2854744167303,-2.4831737341864,1.0650436,-1.3869696,0.14263703,213.29062,-106.329506,-13.097884,STU
9298757962000,1.074996,-2.60556667953928,12.3695115987325,-2.61879758009255,1.2238685,-1.3991868,0.15363261,213.67178,-106.49694,-13.106326,STU
9298763013000,1.080047,-2.71748364932099,12.4425008605774,-2.78424011018006,1.3448198,-1.3655893,0.15424347,214.06006,-106.686745,-13.1181135,STU
9298768172000,1.085206,-2.82823196427341,12.469003,-2.89003665692131,1.430341,-1.2837334,0.16554448,214.42583,-106.9213,-13.134411,STU
9298772995000,1.090029,-2.92993077834578,12.469003,-2.95636191022401,1.500285,-1.151481,0.17715092,214.76381,-107.17161,-13.144185,STU
9298777993000,1.095027,-3.06304184452528,12.4925182419061,-3.03029118453983,1.5097535,-0.9993755,0.19058995,215.07193,-107.44903,-13.160666,STU
9298782954000,1.099988,-3.2185874666697,12.5357253215715,-3.10806401817024,1.4718798,-0.91232723,0.2134974,215.36017,-107.722015,-13.165408,STU
9298787921000,1.104955,-3.38496978583832,12.5934182205287,-3.17391603521127,1.4343116,-0.7171558,0.2144137,215.57123,-108.01332,-13.172796,STU
9298793039000,1.110073,-3.57883218039745,12.6832567466718,-3.21647112394366,1.3139712,-0.49418998,0.2443461,215.75238,-108.26539,-13.156011,STU
9298797933000,1.114967,-3.75105483563766,12.773474193683,-3.25383129177592,1.1472049,-0.26816985,0.29535335,215.8753,-108.51713,-13.144349,STU
9298802993000,1.120027,-3.89063574982122,12.8793627852602,-3.28271008081049,0.9407325,-0.025045475,0.34330627,215.9337,-108.72564,-13.107328,STU
9298808001000,1.125035,-4.02613142599893,12.9389440586042,-3.31269235615344,0.72265357,0.20463985,0.37873647,215.93004,-108.90271,-13.068581,STU
9298812956000,1.12999,-4.15253830692595,12.8673139063221,-3.34640091933049,0.48502702,0.44715336,0.39736784,215.85959,-109.02306,-13.003113,STU
9298818430000,1.135464,-4.28938233128711,12.779909146044,-3.38027092274916,0.25595254,0.69913524,0.3979787,215.72862,-109.11154,-12.939531,STU
9298823678000,1.140712,-4.39020680453378,12.6064910032098,-3.37623789665383,0.03268129,0.9410379,0.35521814,215.53493,-109.15404,-12.867364,STU
9298827940000,1.144974,-4.47208826508586,12.4656548513882,-3.37296259992778,-0.14080444,1.1774428,0.301462,215.28087,-109.182,-12.809522,STU
9298832970000,1.150004,-4.55183736196078,12.29858585,-3.35261155888889,-0.2910773,1.4153748,0.24007004,214.95975,-109.176704,-12.750087,STU
9298837946000,1.15498,-4.61413037738562,12.1324703833333,-3.31627385814815,-0.39920044,1.6624697,0.19242255,214.57242,-109.15128,-12.686573,STU
9298843006000,1.16004,-4.67852343312602,11.9710769911013,-3.26064922853316,-0.49266282,1.892155,0.17959438,214.1222,-109.120255,-12.639773,STU
9298847989000,1.165023,-4.74245025477945,11.8158268128409,-3.19672264527796,-0.56138515,2.094046,0.1731803,213.61433,-109.08013,-12.5915165,STU
9298852983000,1.170017,-4.80615861939994,11.6513725602613,-3.11597956021023,-0.5910121,2.2782218,0.16126843,213.04996,-109.043076,-12.550495,STU
9298857950000,1.174984,-4.8692653707113,11.4814696317992,-3.02374649121339,-0.61086524,2.430022,0.15088372,212.44608,-108.99593,-12.502496,STU
9298862951000,1.179985,-4.885531241738,11.3087316419799,-2.93044403475996,-0.602924,2.5686884,0.14080444,211.79857,-108.962364,-12.466761,STU
9298868012000,1.185046,-4.87200276683104,11.132860479345,-2.83574428662077,-0.591623,2.7003298,0.12461651,211.11897,-108.930046,-12.429305,STU
9298872976000,1.19001,-4.8096221142112,10.9157557829938,-2.67162740563921,-0.55833083,2.820365,0.13530666,210.41125,-108.90836,-12.398323,STU
9298877970000,1.195004,-4.69195003695502,10.6474643020372,-2.42686979949808,-0.5119051,2.917187,0.14294247,209.6824,-108.896996,-12.368862,STU
9298882957000,1.199991,-4.53291743626619,10.3549540167693,-2.11894311541074,-0.48441613,2.9571986,0.15057829,208.94955,-108.8846,-12.341689,STU
9298887941000,1.204975,-4.32015030699427,10.0307369350456,-1.7288697365103,-0.46609017,3.0155363,0.16401732,208.19685,-108.878784,-12.306727,STU
9298892978000,1.210012,-4.1559482092901,9.65309426555653,-1.36079624829097,-0.42424592,3.0839531,0.18600847,207.44662,-108.86786,-12.268148,STU
9298897998000,1.215032,-4.03375780157756,9.23596174320771,-1.0152925704645,-0.4111123,3.1746666,0.20372356,206.68657,-108.85473,-12.226365,STU
9298902965000,1.219999,-3.94183610942728,8.78790693879158,-0.643009689299351,-0.4120286,3.2855387,0.22235495,205.911,-108.81043,-12.164817,STU
9298907949000,1.224983,-3.92774515158433,8.24305598031884,-0.187401748295611,-0.45142943,3.422678,0.21899518,205.11494,-108.76413,-12.102849,STU
9298912972000,1.230006,-3.96391408977403,7.62532042091153,0.476503914883187,-0.50701815,3.5399642,0.18997909,204.25449,-108.68107,-12.026818,STU
9298918004000,1.235038,-4.16232386472616,6.7855396541555,1.80077347583301,-0.5830709,3.6435058,0.14874569,203.37022,-108.591644,-11.954809,STU
9298922995000,1.240029,-4.33403866084226,6.05922427378501,3.01398542809926,-0.70432764,3.6893206,0.09315695,202.4247,-108.46152,-11.905622,STU
9298927975000,1.245009,-4.3684133262047,5.91681483597611,3.67692695589992,-0.85154617,3.6651914,0.03634648,201.47711,-108.32279,-11.875722,STU
9298932986000,1.25002,-4.38034992425532,5.79413119148936,4.2838077387234,-1.0134255,3.5631769,-0.0015271631,200.42459,-108.06271,-11.9164095,STU
9298937940000,1.254974,-4.30767061240851,5.74971594638298,4.65931781875745,-1.180497,3.3524284,-0.049480084,199.41077,-107.79633,-11.996842,STU
9298943019000,1.260053,-4.23315744630638,5.70418000978723,5.04430282006809,-1.3197744,3.0671544,-0.074830994,198.41579,-107.46245,-12.118116,STU
9298947974000,1.265008,-4.12249331579743,5.65164052003023,5.23841905895692,-1.4327844,2.7275133,-0.086437434,197.5001,-107.13236,-12.278273,STU
9298953018000,1.270052,-4.00382911730915,5.59687232577476,5.40728726077097,-1.5112807,2.3585508,-0.076052725,196.68019,-106.813354,-12.470165,STU
9298957950000,1.274984,-3.91807138791467,5.49385500291326,5.34321996833004,-1.5558738,1.9895881,-0.064751714,195.94887,-106.4662,-12.685755,STU
9298962973000,1.280007,-3.84122029038624,5.37179747183535,5.19855889004793,-1.5488489,1.6444492,-0.05467244,195.32477,-106.15747,-12.926747,STU
9298968042000,1.285076,-3.84946089435552,5.35754406844145,4.89265976449874,-1.5118915,1.3472633,-0.054367006,194.7949,-105.864944,-13.171474,STU
9298973040000,1.290074,-3.90994722089301,5.40996555144061,4.49344992513901,-1.427592,1.0797043,-0.071776666,194.36424,-105.63659,-13.439015,STU
9298978023000,1.295057,-3.95967394145063,5.47814584267665,4.06551200494151,-1.310306,0.95325524,-0.12217305,193.98335,-105.482285,-13.713384,STU
9298983029000,1.300063,-3.97762114249883,5.59480274319139,3.54504279973795,-1.1756102,0.7464773,-0.15424347,193.71175,-105.39269,-14.004211,STU
9298987993000,1.305027,-3.9811374128852,5.70290003513376,3.0422862786319,-1.0928379,0.57635134,-0.2275473,193.46655,-105.416794,-14.328391,STU
9298993078000,1.310112,-3.86157731899763,5.74825046901456,2.64237832197765,-0.95386606,0.43279803,-0.27672195,193.28064,-105.50242,-14.6613655,STU
9298998019000,1.315053,-3.74540299768032,5.79231664282086,2.25379519241449,-0.84635377,0.2947425,-0.31215215,193.14256,-105.66422,-15.0059805,STU
9299002997000,1.320031,-3.62179279024301,5.73871166318376,1.95055684628197,-0.7663304,0.16279559,-0.33628133,193.0487,-105.869736,-15.363667,STU
9299008898000,1.325932,-3.47262837890234,5.63583951460817,1.62650998645672,-0.73273283,0.029321533,-0.36102137,192.99992,-106.110756,-15.732762,STU
9299013032000,1.330066,-3.44367592676533,5.46354688221987,1.48981707633192,-0.7153232,-0.124005646,-0.38789943,192.99358,-106.365715,-16.075306,STU
9299018117000,1.335151,-3.45397149293869,5.19071427112051,1.3765657946723,-0.7275405,-0.29443705,-0.45265114,193.03326,-106.649635,-16.435373,STU
9299023097000,1.340131,-3.60818784370861,4.92517226022594,1.38478314943514,-0.75686204,-0.4813618,-0.5412266,193.11197,-106.94002,-16.78112,STU
9299027928000,1.344962,-3.82446627483444,4.66834165855084,1.44786430362291,-0.8029824,-0.6942484,-0.6750061,193.24852,-107.26704,-17.157022,STU
9299033033000,1.350067,-4.4600762202501,4.69068052763211,1.41904401605486,-0.86651236,-0.8943067,-0.84238315,193.41473,-107.64221,-17.571674,STU
9299038022000,1.355056,-5.35146974552239,4.90750595932836,1.3274955641791,-0.9263771,-0.990518,-1.0512991,193.61188,-108.07154,-18.032446,STU
9299042981000,1.360015,-5.75668727562465,5.34072621093837,1.23841784264298,-1.0002918,-0.93554014,-1.2492194,193.80501,-108.60421,-18.58877,STU
9299047963000,1.364997,-5.86706951141958,5.91029905478438,1.150111961799,-1.0528263,-0.79137594,-1.4052955,193.9997,-109.18923,-19.186565,STU
9299053020000,1.370054,-5.91235437502285,6.57232570924967,1.10357409596913,-1.070236,-0.5907067,-1.5164729,194.10808,-70.02791,-19.971869,STU
9299057964000,1.374998,-5.87870294791349,7.31746717741903,1.10838145704132,-1.0668762,-0.39187005,-1.5885551,194.17265,-69.21441,-20.77967,STU
9299063014000,1.380048,-5.78682142337714,8.07097908424069,1.12250092496789,-1.0424415,-0.23671028,-1.6426166,194.16435,-68.41408,-21.569674,STU
9299068179000,1.385213,-5.63042822408853,8.83339524183381,1.14693733046142,-1.0033462,-0.101098195,-1.6844609,194.09978,-67.606995,-22.363586,STU
9299073026000,1.39006,-5.44251609975014,9.4489193793965,1.20834615395925,-0.95905846,-0.01985312,-1.6862935,193.99423,-66.88677,-23.06971,STU
9299078837000,1.395871,-5.16442239092831,10.058586313473,1.33134909759754,-0.9297369,0.0009162979,-1.6468927,193.86424,-66.18025,-23.761438,STU
9299083019000,1.400053,-5.04717022835846,10.4530266388277,1.40877530609859,-0.9398162,-0.0076358155,-1.6084082,193.71994,-65.590294,-24.336279,STU
9299088015000,1.405049,-5.02285418939522,10.8623452879892,1.48577591277317,-0.9618073,-0.10323623,-1.5161675,193.59485,-65.03966,-24.870531,STU
9299093294000,1.410328,-5.01573752079475,11.2959331683785,1.54789593938373,-1.0201449,-0.2932153,-1.4285084,193.5233,-64.60738,-25.281017,STU
9299098154000,1.415188,-5.2194966418589,11.707370342987,1.38723975652467,-1.102001,-0.537256,-1.3643675,193.49792,-64.20129,-25.660538,STU
9299102945000,1.419979,-5.42036288651288,12.1129661256104,1.22886449478027,-1.1786644,-0.73792523,-1.3610078,193.5286,-63.859245,-25.968637,STU
9299108014000,1.425048,-5.75572965571209,12.5384241068622,0.874053009675101,-1.2681563,-0.8579602,-1.393689,193.60925,-63.526028,-26.25956,STU
9299113035000,1.430069,-6.15666969101016,12.9577979106766,0.417810922944221,-1.3552046,-0.8539896,-1.4731015,193.71294,-63.181248,-26.554993,STU
9299118010000,1.435044,-6.51285337357589,13.2654489663723,-0.051435863163439,-1.4227052,-0.72601336,-1.5754215,193.76186,-62.84435,-26.845772,STU
9299123025000,1.440059,-6.83975773951058,13.4911686669638,-0.537900555064419,-1.4407257,-0.4914411,-1.6905695,193.77473,-62.483364,-27.15991,STU
9299127998000,1.445032,-7.17974744183267,13.7106765093771,-1.01852519044796,-1.4150693,-0.15454891,-1.8191566,193.58856,-62.10549,-27.516981,STU
9299132959000,1.449993,-7.67835165976096,13.8861110830823,-1.48019596614518,-1.3341297,0.24465153,-1.9715676,193.3105,-61.694572,-27.916145,STU
9299138239000,1.455273,-8.15952189571571,14.0296367336433,-1.92533735924942,-1.2315043,0.66828656,-2.1206186,192.7454,-61.271923,-28.365488,STU
9299142997000,1.460031,-8.04602202590501,13.6815703082033,-1.81562073942212,-1.1221595,1.074512,-2.2079725,192.06702,-60.82936,-28.84382,STU
9299148267000,1.465301,-7.92030863500498,13.2960490677516,-1.69409770737297,-1.0170907,1.3582588,-2.2299635,191.13683,-60.352478,-29.381369,STU
9299152958000,1.469992,-7.55527523336178,13.0489946202005,-1.51867974979736,-0.94989544,1.4764613,-2.1954496,190.14893,-59.8683,-29.922556,STU
9299157965000,1.474999,-7.02339469624573,12.8393110085324,-1.29365338924915,-0.90408057,1.4514158,-2.179567,189.13567,-59.37498,-30.467142,STU
9299162948000,1.479982,-6.61788384454734,12.7780799713329,-1.21801589154763,-0.8762862,1.4138476,-2.1927009,188.1271,-58.863895,-31.01896,STU
9299168079000,1.485113,-6.24514507654418,12.7683982479559,-1.19381208857255,-0.8918633,1.4223998,-2.2208006,187.12683,-58.356255,-31.559784,STU
9299172977000,1.490011,-6.21858370192967,12.8566532199828,-1.07625734973413,-0.92087936,1.4706581,-2.2583687,186.20917,-57.886444,-32.05315,STU
9299177984000,1.495018,-6.31728227852487,12.9841389118353,-0.919984525447684,-1.029308,1.6459764,-2.2950208,185.25629,-57.41175,-32.54665,STU
9299182955000,1.499989,-6.51547386168978,13.2000845616898,-0.473764980090654,-1.1032226,1.9364429,-2.420248,184.27293,-56.959778,-33.01402,STU
9299187944000,1.504978,-6.87930407001179,13.5639147700118,0.453135527274046,-1.3081679,2.287385,-2.5934284,183.2206,-56.48422,-33.50041,STU
9299193057000,1.510091,-7.24095340769231,14.0283266033743,1.67955343628825,-1.5943583,2.5751023,-2.777299,182.15881,-55.96352,-34.027718,STU
9299197979000,1.515013,-7.5419905,14.8595492342007,4.02045527571252,-1.9208658,2.5729644,-2.9465084,181.08537,-55.402542,-34.592495,STU
9299203121000,1.520155,-7.78716995217476,15.7397864071317,6.44970017104232,-2.2730296,2.0140228,-3.0451632,180.3348,-54.775303,-35.21697,STU
9299207948000,1.524982,-7.44753007010188,16.6636064929467,8.59622375666144,-2.588847,0.86101454,-3.0320296,179.7999,-54.13775,-35.8462,STU
9299213196000,1.53023,-7.08453902482174,17.6296793923685,10.7478459400655,-2.6939158,-0.68416905,-2.8814514,180.00514,-53.54201,-36.40212,STU
9299218043000,1.535077,-6.82064355403739,18.0859050187897,10.6628627763538,-2.473088,-2.232407,-2.6658158,180.6242,-52.956993,-36.907387,STU
9299223366000,1.5404,-6.54147797016607,18.5571446777702,10.5006578344178,-1.9358319,-3.347847,-2.5054638,181.97617,-52.509212,-37.185265,STU
9299227956000,1.54499,-6.55428481458677,18.2540486614548,8.7204987482762,-1.1969905,-3.7476583,-2.4904976,183.5945,-52.05724,-37.40002,STU
9299232931000,1.549965,-6.568165871448,17.9255295588035,6.7910234860639,-0.51068336,-3.4837644,-2.613587,185.33755,-51.678604,-37.497066,STU
9299237944000,1.554978,-6.41412737497789,17.2630216029484,5.01944004307617,-0.032375857,-2.817616,-2.7601945,187.04285,-51.301785,-37.5811,STU
9299242990000,1.560024,-6.23840194993612,16.5553690751843,3.25743382444226,0.20463985,-1.9999728,-2.86282,188.57263,-50.91559,-37.6971,STU
9299248059000,1.565093,-5.92658790084284,16.0858868483887,2.01770353928607,0.22082779,-1.2342533,-2.8955014,189.57744,-50.540176,-37.918255,STU
9299252934000,1.569968,-5.60716301239465,15.6692461939514,0.902031680089241,0.12492194,-0.5983425,-2.85946,190.32834,-50.16705,-38.184406,STU
9299257952000,1.574986,-5.30061082240503,15.4228620776676,0.708493693322042,-0.009773844,-0.14966199,-2.7769935,190.53497,-49.83006,-38.52768,STU
9299262919000,1.579953,-5.00136860150012,15.2133926432132,0.696984386377934,-0.16035213,0.089186326,-2.6795604,190.58011,-49.50288,-38.877872,STU
9299268010000,1.585044,-4.69465586813453,14.9986938530365,0.685187752262279,-0.3203988,0.1151481,-2.5894578,190.1866,-49.269886,-39.203163,STU
9299273044000,1.590078,-4.39137716065812,14.7863988796032,0.673523195959352,-0.47403142,0.07086037,-2.5176811,189.73589,-49.045555,-39.513138,STU
9299278025000,1.595059,-4.2447856325538,14.4768383316301,0.891983096000786,-0.5656612,-0.04428773,-2.4859161,189.30281,-48.828976,-39.800278,STU
9299283182000,1.600216,-4.15258113795814,14.1177262762111,1.20741925818021,-0.59528816,-0.23182335,-2.4620924,188.91978,-48.62138,-40.061405,STU
9299287994000,1.605028,-4.27158304758336,13.6804081144623,1.53487708860997,-0.6087272,-0.49663344,-2.460565,188.64143,-48.427147,-40.285667,STU
9299293073000,1.610107,-4.48571836886474,13.1746841491195,1.89480654162608,-0.59528816,-0.8405506,-2.5072963,188.47293,-48.226196,-40.500145,STU
9299297976000,1.61501,-4.83357285668771,12.7511649645326,2.24002570679291,-0.5513059,-1.1960741,-2.572659,188.55733,-47.96995,-40.732132,STU
9299302992000,1.620026,-5.30523420661256,12.3709480435828,2.59136527300872,-0.48899764,-1.5515977,-2.6584857,188.77347,-47.702785,-40.958103,STU
9299307947000,1.624981,-5.76877538361962,12.1578666138245,2.77540893772765,-0.4288274,-1.8414533,-2.7207937,189.22191,-47.348022,-41.233395,STU
9299312947000,1.629981,-6.23453485174876,12.0785888820364,2.82495788226407,-0.3747658,-2.0152445,-2.7382035,189.7548,-46.99607,-41.495155,STU
9299318075000,1.635109,-6.55855653044791,12.2072077814365,2.32402164913365,-0.30848694,-2.02624,-2.6832256,190.41396,-46.57263,-41.80662,STU
9299323079000,1.640113,-6.78250882536487,12.458723449565,1.50401175479186,-0.23945917,-1.8796324,-2.5298984,191.06023,-46.188534,-42.08091,STU
9299327994000,1.645028,-7.00247795596376,12.705765717521,0.698586368962542,-0.18417588,-1.625207,-2.2809708,191.64459,-45.81466,-42.3547,STU
9299333968000,1.651002,-6.96267854891934,12.6227840792165,0.17889242162775,-0.116980694,-1.3075571,-1.956296,192.11586,-45.521545,-42.568516,STU
9299337927000,1.654961,-6.90414578058665,12.5276683784253,-0.117429541383636,-0.089186326,-1.0155635,-1.5876387,192.46184,-45.319874,-42.708996,STU
9299343054000,1.660088,-6.75649539607881,12.0597917241646,-0.153254807010817,-0.03726278,-0.7892379,-1.2257011,192.25587,-45.30513,-42.77568,STU
9299347942000,1.664976,-6.59373594852231,11.5082181719142,-0.0809172647971798,0.009468411,-0.68325275,-0.92149025,191.97589,-45.37324,-42.76837,STU
9299353028000,1.670062,-6.30309866597694,10.8239095314809,0.0548621131421815,0.069027774,-0.6872234,-0.6462954,191.70671,-45.498558,-42.709526,STU
9299357972000,1.675006,-5.96719992521431,10.1101243420041,0.213480987845108,0.13530666,-0.7348709,-0.4089743,191.4114,-45.69524,-42.58222,STU
9299362954000,1.679988,-5.62465857391883,9.54185845651554,0.348713751449482,0.20769419,-0.79779,-0.20586158,191.17303,-45.91094,-42.424053,STU
9299368086000,1.68512,-5.26962934065203,9.03734349215854,0.474842516928049,0.26816985,-0.87964594,-0.008552114,190.95998,-46.188683,-42.199295,STU
9299373118000,1.690152,-4.95709613852622,8.70296264090694,0.55050943656495,0.33964106,-0.92057395,0.18142697,190.81946,-46.477882,-41.94987,STU
9299378029000,1.695063,-4.67717206146434,8.48968744525272,0.590498589105338,0.41172317,-0.9957104,0.28130344,190.73062,-46.795708,-41.6663,STU
9299383020000,1.700054,-4.39164182093905,8.25956954866828,0.61291564,0.43951756,-1.0607675,0.48624873,190.71828,-47.166183,-41.313442,STU
9299387973000,1.705007,-4.10700836071165,8.01488415302664,0.61291564,0.47952923,-1.1172725,0.6780604,190.73686,-47.56169,-40.936035,STU
9299392992000,1.710026,-3.83182215465708,7.77904786914246,0.5947725789997,0.52626044,-1.1695015,0.870483,190.8537,-47.997925,-40.504665,STU
9299397964000,1.714998,-3.5703792359389,7.55563298244984,0.561498031123091,0.5497787,-1.2082914,1.0485502,190.98141,-48.479515,-40.026203,STU
9299402996000,1.72003,-3.21731762908082,7.28952268173534,0.502370681604596,0.54519725,-1.2632693,1.2253957,191.18654,-49.002964,-39.49275,STU
9299407962000,1.724996,-2.79336190618067,6.99275371505547,0.422290124469097,0.5555819,-1.2983941,1.3857478,191.39282,-49.567997,-38.91958,STU
9299412955000,1.729989,-2.34233159637418,6.70040920819495,0.298723527376634,0.54244834,-1.294118,1.5427402,191.64696,-50.16646,-38.303387,STU
9299418090000,1.735124,-1.85428322362189,6.40564739213914,0.129597895974452,0.5326745,-1.2534955,1.6896533,191.89436,-50.800922,-37.65297,STU
9299422957000,1.739991,-1.36639944311365,6.09372908928198,0.00659492442491678,0.5271767,-1.1930199,1.8338175,192.17975,-51.476044,-36.95652,STU
9299427977000,1.745011,-0.836036533822159,5.73710561576795,-0.0802748660306229,0.50640726,-1.1414018,1.9715676,192.44879,-52.181046,-36.231083,STU
9299432953000,1.749987,-0.313626474387141,5.35226952538211,-0.142890947767479,0.48502702,-1.0760391,2.0864103,192.7412,-52.927265,-35.46337,STU
9299437942000,1.754976,0.204631662271965,4.91410579144069,-0.16644813400848,0.45845437,-1.0308352,2.187203,193.02051,-53.69816,-34.671776,STU
9299442972000,1.760006,0.692761284661185,4.49450815575087,-0.185118109836499,0.45814893,-1.0002918,2.2742512,193.32896,-54.510693,-33.837894,STU
9299447978000,1.765012,1.11413533796428,4.11844325184765,-0.194179916060864,0.45937067,-0.9969321,2.3423629,193.63304,-55.33668,-32.99093,STU
9299452965000,1.769999,1.52155129727263,3.76292835920357,-0.220646925071036,0.5174029,-1.0024298,2.4037547,193.93085,-56.224308,-32.080425,STU
9299457951000,1.774985,1.88798263884683,3.47077357803588,-0.304827088912164,0.589485,-1.0073168,2.463925,194.22818,-57.12716,-31.157345,STU
9299462942000,1.779976,2.22684963052851,3.1685998610802,-0.44225357191006,0.6988298,-0.9654725,2.5121834,194.50105,-58.08954,-30.179976,STU
9299468010000,1.785044,2.50436539251275,2.83858115414155,-0.708518718496368,0.8228355,-0.9049969,2.5540276,194.77037,-59.07277,-29.190987,STU
9299473181000,1.790215,2.78752127357441,2.50185527932313,-0.980195331163653,0.9630291,-0.81092364,2.5595255,195.01003,-60.10752,-28.166868,STU
9299477974000,1.795008,2.8276919446195,2.2166343588752,-1.19122750006684,1.1096367,-0.7593055,2.5677722,195.24692,-61.16695,-27.13201,STU
9299482970000,1.800004,2.79114405557147,1.9288199174735,-1.39680920303638,1.1823297,-0.61941737,2.5555549,195.43391,-62.22856,-26.111942,STU
9299487951000,1.804985,2.68113438306216,1.72838389144764,-1.59315392198582,1.3246613,-0.4550946,2.5375342,195.58424,-63.3533,-25.066101,STU
9299493077000,1.810111,2.52138991744681,1.57683140255319,-1.78976256085106,1.4737124,-0.29657507,2.4981334,195.70451,-64.47877,-24.034584,STU
9299497994000,1.815028,2.35575538343844,1.44023931935838,-1.96152805670414,1.6300939,-0.1881465,2.4440718,195.78505,-65.59229,-23.043455,STU
9299502980000,1.820014,2.14626828127228,1.33113150301618,-2.07936454027968,1.8277088,-0.112704635,2.3930645,195.84175,-66.713844,-22.065931,STU
9299508125000,1.825159,1.93989932416301,1.2132538716135,-2.1849833465206,2.0479257,-0.08857546,2.339003,195.88756,-67.79531,-21.15413,STU
9299512953000,1.829987,1.8791147195355,1.03090004503681,-2.06746644141981,2.2864685,-0.0870483,2.3017402,195.935,-68.87941,-20.2525,STU
9299518125000,1.835159,1.81399914887818,0.835553319466258,-1.94157633512708,2.5030203,-0.10629055,2.2828035,196.00151,-69.90623,-19.416206,STU
9299522978000,1.840012,1.90180963429266,0.598893164072136,-1.63490466294151,2.6731462,-0.1001819,2.31915,196.07869,-70.933846,-18.574963,STU
9299527939000,1.844973,2.03499190230798,0.341407533985236,-1.26643382805083,2.756224,-0.04184427,2.4077253,196.16533,-71.954636,-17.724384,STU
9299532953000,1.849987,2.16907235599308,0.102003302026508,-0.887719039930849,2.730873,0.060170226,2.5393667,196.23332,-72.95108,-16.867348,STU
9299537951000,1.854985,2.30238790970035,-0.123254013851325,-0.506160737003458,2.6038132,0.15790866,2.701246,196.30359,-73.94613,-15.976183,STU
9299543030000,1.860064,2.38032928298399,-0.31403823882622,-0.229034962198171,2.418721,0.2602286,2.8481593,196.32224,-74.960815,-15.020862,STU
9299547982000,1.865016,2.40743917116997,-0.467661319131098,-0.0528202539908537,2.223855,0.37232238,2.9743028,196.32457,-104.02315,-14.023011,STU
9299552966000,1.87,2.35249960951998,-0.708749105061257,0.0126677733488652,2.0060816,0.4896085,3.0515773,196.29666,-102.99612,-12.974648,STU
9299557952000,1.874986,2.18946507027516,-1.06358912596907,-0.068849527317132,1.7910569,0.68936145,3.0717359,196.22392,-101.982086,-11.901442,STU
9299562947000,1.879981,1.96711070182839,-1.51323603027697,-0.0809538354996379,1.5726726,1.022283,3.0473013,196.08374,-100.986855,-10.8137455,STU
9299568069000,1.885103,1.6607551102643,-2.09930748185192,-0.00103500245836351,1.2947289,1.2654073,2.9339857,195.92027,-100.03517,-9.738838,STU
9299572990000,1.890024,0.97007746469172,-2.63519478256045,0.0386621091837119,0.87017757,1.88849,2.8313603,195.55045,-99.148796,-8.696839,STU
9299577973000,1.895007,-1.01310353909767,-3.08977781199623,-0.0412645765309327,0.6243043,2.6187794,2.5014932,195.08406,-98.38871,-7.738723,STU
9299582938000,1.899972,-2.51668063975605,-3.06418794846208,-0.105052844533145,0.17348573,3.2201762,1.988061,194.45892,-97.746086,-6.936745,STU
9299587950000,1.904984,-3.00031861656355,-1.99085087181368,-0.134749921771257,-0.028405234,3.3805282,1.3695599,193.7495,-97.240036,-6.24653,STU
9299593172000,1.910206,-3.45637511237782,-0.819624026938887,-0.134260763748059,0.095294975,2.969416,0.7675522,192.98894,-97.225075,-6.1401534,STU
9299597965000,1.914999,-3.44798896048232,0.727622048588654,0.146675530534393,0.49968776,2.0891593,0.22143865,192.30984,-97.36553,-6.2047973,STU
9299602931000,1.919965,-3.4393001162693,2.33071489462867,0.437752024881703,1.0387764,1.1743884,-0.20433442,191.9092,-97.78944,-6.6322165,STU
9299607965000,1.924999,-3.62408472350978,5.45403113968526,1.11602725777778,1.4789047,0.87781334,-0.56291234,191.5725,-98.37819,-7.2025914,STU
9299612969000,1.930003,-3.83890116986171,8.79968248835479,1.85188769777778,1.6209309,1.9089539,-0.9315695,191.10292,-99.108475,-7.8843875,STU
9299618186000,1.93522,-4.17916864614776,11.3507969540982,2.2911511071598,1.2131784,3.7226129,-1.3662001,190.96266,-99.98117,-8.938743,STU
9299622989000,1.940023,-4.52264399061759,13.4560985221822,2.61038111185101,0.59620446,5.0512447,-1.7595973,190.60919,-100.923904,-10.022815,STU
9299628794000,1.945828,-3.88589025828947,15.4560845292763,2.40716189368421,0.25289822,5.4553323,-1.9853121,189.91994,-101.77462,-11.043881,STU
9299632948000,1.949982,-2.85644224333333,16.5902224083333,1.94042064,0.3100141,5.1337113,-1.7718146,189.0474,-102.60183,-12.001643,STU
9299637950000,1.954984,-1.59195805379697,17.454526698013,1.28827925642337,0.58001655,4.4635925,-1.1447614,188.11572,-103.29757,-12.81399,STU
9299643151000,1.960185,-0.264176105478064,18.0914691122369,0.563143742026362,0.77824235,3.7000108,-0.3539964,187.31746,-103.88266,-13.484641,STU
9299648132000,1.965166,0.501668482518447,18.493919895534,0.129857779421359,0.8304713,2.9770517,0.3744604,186.73921,-104.05709,-13.683859,STU
9299653029000,1.970063,1.01162323046311,18.789876508932,-0.170651265842718,0.8454375,2.330451,0.96883225,186.38153,-104.05908,-13.699465,STU
9299658100000,1.975134,1.12952876183803,19.0104963431402,-0.293962757389546,0.81153446,1.7140878,1.3564262,186.24307,-103.69918,-13.314788,STU
9299663009000,1.980043,0.972677680272976,19.167347107067,-0.289209687995147,0.7122689,1.1139128,1.493871,186.30219,-103.26396,-12.863796,STU
9299668010000,1.985044,0.694925375299465,18.4484071026738,-0.31836992686631,0.5830709,0.82436264,1.4676038,186.43037,-102.699585,-12.263554,STU
9299673065000,1.990099,0.336806567465241,17.1453722737968,-0.37014613831016,0.50426924,0.3484986,1.321607,186.7901,-102.1547,-11.696659,STU
9299677996000,1.99503,-0.241108066741367,15.5816666723916,-0.457608283359662,0.3136793,0.26511553,1.1371256,187.068,-101.63366,-11.165199,STU
9299683021000,2.000055,-1.23557692576047,13.4689730808229,-0.612303434489346,0.093767814,0.8741482,0.9642508,187.2769,-101.1597,-10.685646,STU
9299688022000,2.005056,-2.16719987599484,11.477143131686,-0.699123031981741,-0.30024028,1.8420641,0.8035932,187.32112,-100.78417,-10.321868,STU
9299693890000,2.010924,-2.9646721982336,9.70374292329066,-0.459323686057358,-0.74128497,2.504853,0.7144069,187.2755,-100.42459,-9.991736,STU
9299698258000,2.015292,-3.5378255380849,8.55429108280355,-0.245828036691017,-1.0048733,2.5433373,0.6606508,187.02263,-100.26077,-9.864643,STU
9299703066000,2.0201,-4.10145973654492,7.84974835846002,0.104170688773939,-1.0247264,2.1160371,0.5720753,186.71819,-100.12687,-9.778156,STU
9299708016000,2.02505,-4.68785578950171,7.24103870840624,0.397297224336249,-0.86315256,1.5335772,0.4373795,186.36621,-100.12962,-9.837417,STU
9299713011000,2.030045,-5.31560303198935,7.31382088380563,0.297221601352225,-0.6123924,1.0173961,0.29046643,186.11958,-100.178604,-9.93645,STU
9299718327000,2.035361,-5.98693586918367,7.56334420892857,0.14109665647449,-0.3417791,0.6930266,0.13164146,185.89456,-100.36015,-10.164595,STU
9299723036000,2.04007,-6.60817245605442,9.19313191190476,-0.403444151081633,-0.1151481,0.65301496,-0.007941248,185.72978,-100.59674,-10.433225,STU
9299728021000,2.045055,-7.26582044619048,10.9184433791667,-0.979901132535714,0.0076358155,0.8344419,-0.11942416,185.50812,-100.949615,-10.80579,STU
9299733019000,2.050053,-7.40608339924591,11.9675058850469,-1.11320380810189,0.040317107,1.0351112,-0.16065755,185.2843,-101.32743,-11.195354,STU
9299737981000,2.055015,-7.31431213557109,12.7060471541291,-1.04765279465698,-0.0061086523,1.0989466,-0.13439035,185.04094,-101.71715,-11.593561,STU
9299743132000,2.060166,-7.06929891735398,13.1877130871431,-0.962262660608322,-0.06719518,1.0009027,-0.050701816,184.72162,-102.12789,-11.998967,STU
9299748031000,2.065065,-6.70597617851278,13.3978275313491,-0.86596026871991,-0.118202426,0.8210029,0.0693332,184.4067,-102.51002,-12.377371,STU
9299753027000,2.070061,-6.27915875437658,13.4850764544836,-0.830536028822214,-0.16890424,0.6123924,0.19242255,184.11035,-102.802025,-12.667606,STU
9299757979000,2.075013,-5.76257379137327,13.360542949718,-0.899721513132659,-0.19028452,0.42638394,0.29046643,183.86203,-103.05891,-12.92476,STU
9299762959000,2.079993,-5.25720062172285,13.226395752809,-0.967221604868914,-0.18661933,0.35155296,0.3484986,183.63135,-103.21047,-13.07645,STU
9299768221000,2.085255,-4.75729890353275,13.063161897358,-1.03353513560077,-0.160963,0.102319926,0.38453966,183.50896,-103.337425,-13.206568,STU
9299772987000,2.090021,-4.34658124350782,12.9437538681169,-1.11443826974847,-0.100792766,-0.007941248,0.3943135,183.3707,-103.38121,-13.246381,STU
9299778032000,2.095066,-3.99467051931631,12.8733717820724,-1.24112612261824,-0.06811147,-0.2660318,0.42058071,183.35083,-103.40974,-13.274725,STU
9299782919000,2.099953,-3.68819168324401,12.8296039866856,-1.37812595851616,-0.009773844,-0.56505036,0.44868052,183.36665,-103.37028,-13.229441,STU
9299788024000,2.105058,-3.46712000450511,12.8541675777927,-1.56235233609111,0.05955936,-0.8546005,0.4810564,183.4561,-103.32532,-13.179296,STU
9299793065000,2.110099,-3.24881984142522,12.8784232218221,-1.7442691175515,0.12339478,-1.1337659,0.5522222,183.62825,-103.2132,-13.058948,STU
9299798171000,2.115205,-3.16477292702046,12.9210548178043,-1.96338214279927,0.19761491,-1.398576,0.64996064,183.87955,-103.089806,-12.926394,STU
9299802977000,2.120011,-3.09951412499494,12.9630068074742,-2.17314277257444,0.28619036,-1.6636915,0.74220127,184.20985,-102.95315,-12.779574,STU
9299807989000,2.125023,-3.08434301266057,12.9535477264413,-2.36791879034015,0.38545597,-1.8958203,0.82650065,184.58856,-102.751854,-12.560965,STU
9299813398000,2.130432,-3.07891155950716,12.935602333987,-2.57457501790587,0.47250426,-2.1062634,0.9098838,185.03479,-102.53281,-12.322205,STU
9299818102000,2.135136,-3.17494098406378,12.881826003837,-2.73590440944748,0.55924714,-2.2351558,0.981355,185.50044,-102.28926,-12.046608,STU
9299823034000,2.140068,-3.27562489603513,12.8254431678888,-2.90505333782401,0.6404922,-2.3047945,1.0491611,185.99284,-102.02984,-11.746263,STU
9299827954000,2.144988,-3.45031974863946,12.8013420984451,-3.01154272014577,0.73639804,-2.3273966,1.0925325,186.5043,-101.772865,-11.43894,STU
9299833594000,2.150628,-3.70227619761905,12.7960928972789,-3.0902792577551,0.80939645,-2.3521366,1.1267409,187.03201,-101.51406,-11.121523,STU
9299837951000,2.154985,-3.94854233162194,12.8667881734734,-3.08926337008946,0.874759,-2.409558,1.1313224,187.56912,-101.29486,-10.826755,STU
9299843170000,2.160204,-4.27902972126604,13.0028709087904,-3.04552232413458,0.95142263,-2.4920247,1.108415,188.1157,-101.094284,-10.537047,STU
9299848072000,2.165106,-4.65111129228385,13.1907414110292,-2.97028082791493,1.0332786,-2.59465,1.0754282,188.65936,-100.945465,-10.2846575,STU
9299852956000,2.16999,-5.0760035290264,13.430680633857,-2.86530750274661,1.104139,-2.6859746,1.0338894,189.21739,-100.82538,-10.047942,STU
9299857955000,2.174989,-5.50386716519174,13.6879405427729,-2.79662535103245,1.1612549,-2.7473664,0.99387777,189.76491,-100.76358,-9.863649,STU
9299862947000,2.179981,-5.92694142154344,13.9517935601865,-2.75113350061852,1.2211196,-2.7467556,0.9816604,190.31377,-100.724434,-9.687326,STU
9299868629000,2.185663,-6.52878778927043,14.4085363189726,-2.93926849647509,1.2403619,-2.4990497,0.93187493,190.76979,-100.75094,-9.577357,STU
9299872979000,2.190013,-7.05621445290099,14.8448961149467,-3.21626226457783,1.2773192,-2.3188446,0.9224065,191.2388,-100.78593,-9.461804,STU
9299877999000,2.195033,-7.51328386507648,15.2321895879461,-3.39172497655681,1.2757921,-1.8057177,0.91232723,191.51086,-100.87818,-9.399485,STU
9299882949000,2.199983,-7.66865419828842,15.3875602816824,-3.28382899194283,1.2669345,-1.0775663,0.89949906,191.66435,-100.97955,-9.328365,STU
9299888011000,2.205045,-7.79782536847509,15.5143076786441,-3.12605064915479,1.2470814,-0.2312125,0.890947,191.61812,-101.16326,-9.315215,STU
9299893119000,2.210153,-7.74587213962297,15.4450366164262,-2.67578901598372,1.2174544,0.52503866,0.8933904,191.39189,-101.34379,-9.280423,STU
9299898042000,2.215076,-7.69580053710948,15.3782743926011,-2.24183482254182,1.1753048,1.0693196,0.8570439,190.9916,-101.543106,-9.260442,STU
9299903219000,2.220253,-7.41151455562547,15.1449630611913,-1.66939734638169,1.1658363,1.4172074,0.81031275,190.44301,-101.74422,-9.22304,STU
9299908203000,2.225237,-7.10810534115504,14.8923855385162,-1.1146160656606,1.1175779,1.6951511,0.7538077,189.77196,-101.94106,-9.181905,STU
9299912946000,2.22998,-6.78524218820968,14.5493433752999,-0.694894114326077,1.0671816,2.0143282,0.71837753,189.01297,-102.11909,-9.137966,STU
9299918044000,2.235078,-6.43821365063527,14.1806254861839,-0.243757174013327,0.99112886,2.4040601,0.70096785,188.1897,-102.2471,-9.073505,STU
9299922982000,2.240016,-5.99975313157086,13.5380334992315,0.611311140891485,0.9129381,2.842356,0.70402217,187.27936,-102.36784,-9.000126,STU
9299927936000,2.24497,-5.53304790367866,12.8185298494723,1.57875211461215,0.7837401,3.2360587,0.6945538,186.2894,-102.47023,-8.9238205,STU
9299932944000,2.249978,-5.10532013309397,11.9408182755437,3.21709196840378,0.60903263,3.492011,0.6795876,185.26118,-102.50625,-8.815686,STU
9299937923000,2.254957,-4.68953752155314,11.0358799178293,4.98783664501436,0.42943826,3.4510832,0.6258314,184.22675,-102.52806,-8.724956,STU
9299943101000,2.260135,-4.40368736933639,10.296586740656,6.57521223073989,0.22602014,3.0521882,0.5558874,183.259,-102.47192,-8.630897,STU
9299948041000,2.265075,-4.15108179445716,9.61896184532588,8.05475939660141,0.002443461,2.3212879,0.47036624,182.40968,-102.39114,-8.580652,STU
9299952961000,2.269995,-3.95576700931711,8.92145283667653,9.03302534763784,-0.26267207,1.3652838,0.36957347,181.73726,-102.166916,-8.570591,STU
9299957945000,2.274979,-3.80927324735285,8.19421605228543,9.57191331387701,-0.4914411,0.8707884,0.28008172,181.1468,-101.92724,-8.598268,STU
9299962948000,2.279982,-3.70184968218153,7.65221729415239,9.22540297125418,-0.6750061,-0.08307768,0.23793201,180.95284,-101.549614,-8.69128,STU
9299968144000,2.285178,-3.60877427332152,7.17704263378618,8.45140664756842,-0.7473936,-0.8555168,0.17562376,180.85524,-101.201904,-8.825587,STU
9299973120000,2.290154,-3.62671608397715,6.8075742624649,7.4744959352309,-0.8332202,-1.4031575,0.13439035,180.97339,-100.83827,-8.987144,STU
9299978181000,2.295215,-3.69241020607997,6.46971858137283,6.37646472669184,-0.8356637,-1.7913623,0.12186762,181.27873,-100.53871,-9.171171,STU
9299982953000,2.299987,-3.73604313826759,6.23375351769012,5.256786599634,-0.7312057,-2.0405953,0.14508049,181.7141,-100.33772,-9.3544655,STU
9299987951000,2.304985,-3.77010718104921,6.03910164139894,4.03048034810899,-0.57451874,-2.160325,0.23304509,182.2329,-100.181206,-9.5203705,STU
9299993038000,2.310072,-3.79562175141815,5.81550993650688,3.09661740637751,-0.3594942,-2.1380284,0.3323107,182.7854,-100.13583,-9.684488,STU
9299998017000,2.315051,-3.81539413753525,5.58219658965002,2.36108717815558,-0.13439035,-2.0237966,0.41447207,183.34981,-100.11619,-9.823148,STU
9300002936000,2.31997,-3.80820919883721,5.30590421945032,1.61397036661205,0.10415252,-1.8527542,0.4560109,183.88728,-100.15809,-9.945696,STU
9300007956000,2.32499,-3.70148750116279,4.85360752600423,0.775442965660677,0.34269542,-1.5839735,0.49113566,184.36292,-100.2008,-10.042654,STU
9300012925000,2.329959,-3.59263622442867,4.39665193412428,0.0938532638578236,0.53969944,-1.2284501,0.5174029,184.74965,-100.27747,-10.133507,STU
9300018067000,2.335101,-3.47291448287465,3.90339857094233,-0.284467398448896,0.68111473,-0.8237518,0.5491679,185.04112,-100.3524,-10.2107525,STU
9300023035000,2.340069,-3.39840077269239,3.38603184421329,-0.533561230958392,0.70157874,-0.42271876,0.56016344,185.20146,-100.4437,-10.270245,STU
9300027996000,2.34503,-3.42718920218138,2.76708010919006,-0.490378551654211,0.63194007,-0.055283304,0.56321776,185.2501,-100.53452,-10.320303,STU
9300033010000,2.350044,-3.60071136834722,2.1720205775011,-0.388883017032003,0.44929138,0.24007004,0.52564955,185.16632,-100.634766,-10.355437,STU
9300038029000,2.355063,-4.11698354585708,1.64872431572556,-0.150063235186322,0.19853121,0.42943826,0.4129449,185.00566,-100.75233,-10.409683,STU
9300043039000,2.360073,-4.63232995138097,1.12636642142481,0.0883282983954406,-0.08460484,0.48624873,0.22204952,184.81535,-100.910774,-10.530098,STU
9300048038000,2.365072,-4.91813173367679,0.911618172238461,0.26847481720429,-0.3894266,0.44806966,-0.002443461,184.59523,-101.09249,-10.6941,STU
9300053190000,2.370224,-5.03225988205236,0.932368739253496,0.40854128945747,-0.6243043,0.3200934,-0.23365596,184.38078,-101.31537,-10.918032,STU
9300057961000,2.374995,-5.03724340872721,0.912528535625233,0.522328034869743,-0.80970186,0.23915374,-0.4550946,184.16293,-101.711655,-11.364399,STU
9300062976000,2.38001,-4.99255825628024,0.872311833099181,0.634041111958504,-0.8903361,0.057726767,-0.5552765,184.00859,-102.14145,-11.850537,STU
9300068098000,2.385132,-5.02450844893021,0.814669235868448,0.734259140297113,-1.0241156,-0.13347405,-0.73639804,183.87376,-102.66885,-12.446876,STU
9300073016000,2.39005,-5.12572045700271,0.744260964337102,0.817868954125012,-1.131017,-0.3173445,-0.9074403,183.788,-103.23596,-13.0751915,STU
9300078016000,2.39505,-5.31891991522895,0.762348663818479,0.840771971320523,-1.2180653,-0.46792278,-1.1001683,183.75136,-103.863716,-13.760412,STU
9300083016000,2.40005,-5.66640207998773,0.933642715331153,0.757572001982829,-1.2932017,-0.52656585,-1.320996,183.74025,-104.56368,-14.506374,STU
9300088846000,2.40588,-5.9003546279097,1.43215793740838,0.632900299706831,-1.3683381,-0.4083634,-1.7342464,183.71841,-105.41311,-15.389346,STU
9300093127000,2.410161,-5.94442587669305,2.02111049859279,0.520718855496922,-1.4419475,-0.30818152,-1.8664987,183.72174,-106.2626,-16.257778,STU
9300097976000,2.41501,-5.83100782515673,2.823991464693,0.4320084197552,-1.4645494,-0.032375857,-2.1035144,183.61557,-72.67521,-17.324774,STU
9300102964000,2.419998,-5.42695034090954,3.88880194780575,0.408240334198428,-1.4813483,0.26816985,-2.2849414,183.47365,-71.58043,-18.414036,STU
9300107920000,2.424954,-5.03090407000851,4.9104110013847,0.411362638449756,-1.4984524,0.52106804,-2.3845124,183.23665,-70.48636,-19.49667,STU
9300112956000,2.42999,-4.63916388744488,5.87670307512184,0.467325512768624,-1.4892895,0.74372846,-2.4208589,182.91576,-69.36002,-20.608665,STU
9300118214000,2.435248,-4.23015477705578,6.88559182089425,0.525755376384312,-1.4859297,0.9260717,-2.4098635,182.48827,-68.419106,-21.536953,STU
9300123094000,2.440128,-3.72195218093688,8.04040158422091,0.629117847554241,-1.4792101,1.1206323,-2.3689353,181.98347,-67.486176,-22.45872,STU
9300127935000,2.444969,-3.18701389905325,9.23829796331361,0.743420923313609,-1.466382,1.318858,-2.2928827,181.41556,-66.57657,-23.359108,STU
9300132955000,2.449989,-2.77796479123157,10.5456102586688,0.918602479434038,-1.4556919,1.5855007,-2.1887302,180.7176,-65.95447,-23.97748,STU
9300137924000,2.454958,-2.42708303502391,11.8637875292945,1.11300995032882,-1.450805,1.91323,-2.0790799,179.93909,-65.362854,-24.568542,STU
9300143111000,2.460145,-2.18601334888288,13.462464970544,1.63887275857129,-1.4672983,2.2748623,-1.9795089,179.09564,-65.03775,-24.895481,STU
9300148006000,2.46504,-2.00283931992786,15.0499736465284,2.24945296952209,-1.4874569,2.6038132,-1.8735237,178.1706,-64.742256,-25.195555,STU
9300152953000,2.469987,-1.84655645046179,16.1439956011409,3.09698274042919,-1.534799,2.7714956,-1.7660115,177.27908,-64.6362,-25.30277,STU
9300158799000,2.475833,-1.67419817184897,17.2186999128033,4.19703378148316,-1.6007724,2.6667323,-1.6646078,176.38611,-64.54303,-25.396734,STU
9300162957000,2.479991,-1.6015496448132,17.7618382851043,4.84575823256672,-1.6505579,2.5103507,-1.6154331,175.62256,-64.58095,-25.349176,STU
9300168140000,2.485174,-1.54856540253275,18.2724133266376,5.55382026052402,-1.6441438,2.0027218,-1.5195273,175.00874,-64.63356,-25.281662,STU
9300173025000,2.490059,-1.61199601310007,18.5708853083411,5.89226428372384,-1.5952746,1.357648,-1.4624114,174.64764,-64.735855,-25.141174,STU
9300177958000,2.494992,-1.79893873382276,18.6741962905342,5.87750566004374,-1.5115861,0.61911196,-1.4462235,174.46596,-64.81764,-25.008537,STU
9300182960000,2.499994,-2.01280708507989,18.4324528138418,5.63589495635722,-1.393689,-0.17287487,-1.4636332,174.57191,-64.90399,-24.83956,STU
9300187952000,2.504986,-2.24713428594255,17.8935003252622,5.20004647530634,-1.2620476,-1.0122037,-1.5118915,174.9065,-64.95049,-24.6866,STU
9300193009000,2.510043,-2.67271251338705,17.05313904523,4.38229232717269,-1.1203269,-1.8454239,-1.5879441,175.46094,-64.94181,-24.564192,STU
9300198085000,2.515119,-3.28767934759553,15.9158709433325,3.18605532036219,-0.96944314,-2.6120598,-1.6762142,176.23947,-64.896225,-24.451906,STU
9300202994000,2.520028,-3.8680817982944,14.9590283600297,2.11223095815721,-0.8206975,-3.2400293,-1.7449366,177.16336,-64.773834,-24.405428,STU
9300208065000,2.525099,-4.40828196579533,14.5628816332036,1.34694750347887,-0.6609562,-3.6654968,-1.7873917,178.24652,-64.63649,-24.354658,STU
9300213089000,2.530123,-4.93343145093365,14.1827807001192,0.583803190746126,-0.50915617,-3.8475347,-1.8170186,179.22688,-64.40505,-24.458336,STU
9300218062000,2.535096,-5.2891560484704,14.0087031764005,-0.252527865733016,-0.36987892,-3.7702603,-1.8640553,180.24132,-64.17979,-24.559607,STU
9300223299000,2.540333,-5.66376487961859,13.8253844569726,-1.13325695135161,-0.25717425,-3.379612,-1.8909334,181.05103,-63.93453,-24.744635,STU
9300229332000,2.546366,-5.80327728385304,13.7391685290541,-1.86834656540433,-0.17073683,-2.7458394,-1.9037615,181.74402,-63.7012,-24.941349,STU
9300233289000,2.550323,-5.79340262180144,13.7260021296795,-2.25345601389733,-0.10781772,-2.0430388,-1.8875736,182.27849,-63.484898,-25.148083,STU
9300237978000,2.555012,-5.68085521692875,13.7496034661425,-2.59495201826059,-0.12889257,-1.4110987,-1.8344283,182.55582,-63.225906,-25.456093,STU
9300243050000,2.560084,-5.19371651513158,13.9171792697368,-2.54818666447368,-0.22999077,-0.9419542,-1.7492126,182.65817,-62.97968,-25.766346,STU
9300247993000,2.565027,-4.71896757921213,14.0804929915757,-2.50261072918806,-0.4089743,-0.6017023,-1.627345,182.65652,-62.712772,-26.103102,STU
9300253042000,2.570076,-4.16649877649329,14.0481053470869,-2.28281076076089,-0.6444628,-0.36957347,-1.5293012,182.53792,-62.450813,-26.430525,STU
9300257963000,2.574997,-3.60349848090425,13.9441667454053,-2.00564133716229,-0.8738427,-0.29077184,-1.4944818,182.35942,-62.191994,-26.743286,STU
9300262960000,2.579994,-3.3423057,13.8959465,-1.8337890943196,-0.97310835,-0.19822577,-1.4828753,182.17628,-62.00846,-26.965675,STU
9300268138000,2.585172,-3.3423057,13.8959465,-1.7512444372035,-1.1163563,-0.13316862,-1.5500705,181.9813,-61.793304,-27.200045,STU
9300273060000,2.590094,-3.86321067786838,13.7619997410212,-1.71191880761017,-1.1863003,-0.06811147,-1.681712,181.83138,-61.61536,-27.38052,STU
9300278029000,2.595063,-4.67157321223063,13.5541354545234,-1.69344196070666,-1.1664472,0.037873644,-1.840537,181.65392,-61.408722,-27.590519,STU
9300283016000,2.60005,-5.05716132536585,13.4121782195122,-1.44091233902439,-1.0928379,0.25778514,-2.0048597,181.45439,-61.155518,-27.84735,STU
9300287969000,2.605003,-5.12464876914634,13.3205879878049,-1.01670651310976,-0.9868528,0.6227771,-2.129171,181.17946,-60.876694,-28.144234,STU
9300293121000,2.610155,-4.97582759990627,13.2438097800169,-0.372106846705408,-0.9016371,1.0381655,-2.1719313,180.80562,-60.459225,-28.595081,STU
9300298097000,2.615131,-4.69443137188115,13.1812770050614,0.378282488377542,-0.84788096,1.3796391,-2.0711386,180.335,-60.0594,-29.042885,STU
9300302961000,2.619995,-4.42485059524181,12.9584760783931,1.19418745612324,-0.8359691,1.5106697,-1.8918496,179.84319,-59.6561,-29.4873,STU
9300307954000,2.624988,-4.15443475887285,12.543527886603,2.12665625190133,-0.82802784,1.3793337,-1.6707164,179.3219,-59.30182,-29.885704,STU
9300312960000,2.629994,-3.94132159162425,12.0599490820609,2.88511255629967,-0.79290307,0.9718866,-1.4596626,178.9316,-59.02845,-30.172173,STU
9300318075000,2.635109,-3.8100990732744,11.4650735315653,3.39688038699884,-0.74220127,0.34483343,-1.2980887,178.65599,-58.80652,-30.39446,STU
9300323219000,2.640253,-3.70417683647013,10.8488111466224,3.7446661570285,-0.6579019,-0.40011674,-1.1899655,178.69301,-58.611217,-30.539804,STU
9300328090000,2.645124,-3.69506934080437,10.2021787641546,3.48965599308864,-0.5555819,-1.1181889,-1.1484267,178.92058,-58.449284,-30.632692,STU
9300332996000,2.65003,-3.70227726303608,9.57636570378294,3.17737539603229,-0.46273044,-1.6490307,-1.146594,179.42218,-58.257706,-30.711615,STU
9300337952000,2.654986,-3.82228398597685,9.11941700943304,2.48041340038899,-0.38698313,-1.9526308,-1.1771374,180.0749,-58.077923,-30.759956,STU
9300343168000,2.660202,-3.94101745563937,8.66321461292375,1.74579539919022,-0.33536503,-2.0552561,-1.2113458,180.80157,-57.857025,-30.841492,STU
9300348134000,2.665168,-3.98856287750613,8.44277620630737,1.03693587226302,-0.30634892,-1.9917262,-1.2437216,181.56207,-57.63903,-30.913914,STU
9300352997000,2.670031,-4.03512215792057,8.22690992129419,0.34277882847587,-0.29749137,-1.9052887,-1.2461652,182.25093,-57.393116,-31.037035,STU
9300357966000,2.675,-3.93912155361468,8.1030324452844,-0.220783174425688,-0.29840767,-1.7015651,-1.2351695,182.86412,-57.154972,-31.163502,STU
9300362953000,2.679987,-3.82081810952294,7.99349244125688,-0.764102650365138,-0.28955013,-1.4440855,-1.1893547,183.413,-56.938198,-31.278284,STU
9300368008000,2.685042,-3.54509509661017,7.91219702214117,-1.15143171004076,-0.27366763,-1.1820242,-1.1102476,183.85928,-56.701805,-31.449537,STU
9300372979000,2.690013,-3.20293442627119,7.84580772270972,-1.45784429401952,-0.24373524,-0.89888823,-1.0088439,184.20012,-56.49467,-31.609983,STU
9300378004000,2.695038,-2.80409802713908,7.74858575077918,-1.41626916724493,-0.2284636,-0.63224554,-0.88606006,184.44354,-56.31481,-31.775078,STU
9300382958000,2.699992,-2.39955175549348,7.64628679180633,-1.30002030167598,-0.20158553,-0.41691554,-0.763887,184.59898,-56.171833,-31.920446,STU
9300387994000,2.705028,-2.03245662910184,7.43705019550444,-0.980268487243486,-0.16646078,-0.24465153,-0.6389651,184.68315,-56.097897,-32.016064,STU
9300393097000,2.710131,-1.67328667186217,7.19449384619643,-0.597775745098788,-0.12492194,-0.1518,-0.5381723,184.71387,-56.057205,-32.088562,STU
9300398015000,2.715049,-1.41078918430281,6.85470159501809,-0.184168952493738,-0.09040806,-0.14569137,-0.4538729,184.76476,-56.084023,-32.08569,STU
9300403045000,2.720079,-1.17840127104555,6.46142960540866,0.258261933154281,-0.044593163,-0.22418754,-0.37995818,184.80724,-56.142384,-32.055443,STU
9300407954000,2.724988,-1.00494774207283,6.04299193557423,0.631425439215686,0.002443461,-0.3387248,-0.30970868,184.932,-56.240067,-31.959614,STU
9300413634000,2.730668,-0.85822057253242,5.52380357744579,1.00388663369644,0.04734206,-0.48716503,-0.2275473,185.08888,-56.36672,-31.831701,STU
9300418110000,2.735144,-0.821379055715345,5.26106176032617,1.11847167466271,0.10293079,-0.65301496,-0.15027285,185.37944,-56.4909,-31.6675,STU
9300423049000,2.740083,-0.817872768450704,5.0401655528169,1.1605471584507,0.14477506,-0.8017606,-0.05100725,185.70293,-56.648216,-31.465528,STU
9300428772000,2.745806,-0.827044796919065,4.76129817957076,1.19543640428242,0.20311269,-0.94989544,0.034208454,186.11668,-56.79578,-31.250736,STU
9300433034000,2.750068,-1.0071590883121,4.2537033832414,1.03988314990472,0.23579398,-1.0680978,0.13500121,186.5552,-56.978092,-30.995428,STU
9300437930000,2.754964,-1.21406654271387,3.67060058576873,0.861190345251229,0.25809056,-1.1753048,0.21991149,187.03325,-57.15315,-30.740494,STU
9300443203000,2.760237,-1.36848397959011,3.36576810583811,0.731146937832096,0.2761111,-1.2461652,0.28008172,187.52553,-57.353184,-30.458105,STU
9300448085000,2.765119,-1.50474162307982,3.11522966714299,0.616866298674438,0.29871312,-1.3060299,0.34330627,188.03534,-57.581024,-30.144352,STU
9300452960000,2.769994,-1.65871588688137,2.8998400516514,0.45584182267723,0.31642818,-1.325883,0.37904188,188.54005,-57.72171,-29.919786,STU
9300457918000,2.774952,-1.81993618141784,2.68976527080975,0.279965166945159,0.32834008,-1.3240504,0.45020768,189.03952,-57.893356,-29.663918,STU
9300462956000,2.77999,-1.9348774322715,2.54198682536238,0.0897381937218992,0.34269542,-1.3069462,0.50610185,189.51851,-58.02328,-29.456774,STU
9300468240000,2.785274,-2.04468533655065,2.40143283813905,-0.112308234574256,0.39553526,-1.2528846,0.5873469,189.96881,-58.186604,-29.224329,STU
9300472967000,2.790001,-2.1364535862069,2.3463178,-0.364725891350575,0.44165558,-1.1563679,0.66767573,190.35251,-58.331238,-29.029802,STU
9300478152000,2.795186,-2.23157946360153,2.3463178,-0.702951470485313,0.49235737,-1.0424415,0.7583892,190.70189,-58.50688,-28.814896,STU
9300483774000,2.800808,-2.24432953638945,2.39765756549696,-1.0572018004503,0.55863625,-0.89827734,0.83658,190.96834,-58.68328,-28.630278,STU
9300487948000,2.804982,-2.22811308073022,2.45036100405679,-1.31666531959432,0.6270532,-0.7480045,0.9324858,191.1874,-58.893208,-28.42493,STU
9300493042000,2.810076,-2.16901978353249,2.58883834221434,-1.62235331529126,0.70188415,-0.58551437,1.0384709,191.31613,-59.132923,-28.228584,STU
9300497981000,2.815015,-2.09395463732263,2.75663104638723,-1.91378248677184,0.77304995,-0.42180246,1.1490375,191.39162,-59.40417,-28.015985,STU
9300502981000,2.820015,-1.98307102089213,3.01846648974335,-2.1743740549768,0.8359691,-0.25411993,1.2822062,191.38739,-59.737144,-27.774698,STU
9300507959000,2.824993,-1.84310761356189,3.35708750268018,-2.40463642109101,0.8872818,-0.111177474,1.409877,191.33731,-60.10102,-27.514385,STU
9300512961000,2.829995,-1.69098139693132,3.72459474739986,-2.58389259976316,0.9465357,0.032986723,1.5476271,191.2245,-60.54955,-27.1996,STU
9300518079000,2.835113,-1.51937402949233,4.1384715068685,-2.69493269824941,0.9691377,0.13500121,1.6804903,191.08136,-61.027416,-26.857416,STU
9300522993000,2.840027,-1.3509528441001,4.51168165711261,-2.73728453830606,0.9682214,0.21533,1.8099937,190.91371,-61.609245,-26.426565,STU
9300528271000,2.845305,-1.16608639840231,4.8862793507026,-2.71296001934552,0.95447695,0.28130344,1.930945,190.72531,-62.218678,-25.9667,STU
9300532961000,2.849995,-1.04021293153959,5.19109485298609,-2.6702943607677,0.929126,0.3286455,2.0350976,190.55708,-62.916237,-25.415031,STU
9300537944000,2.854978,-0.960353099110972,5.4755954359795,-2.59542573692082,0.8863655,0.3408628,2.094046,190.3928,-63.62266,-24.846355,STU
9300543045000,2.860079,-0.941923794242873,5.73884719948167,-2.47808111281007,0.870483,0.28680122,2.0916026,190.29599,-64.389175,-24.205109,STU
9300548108000,2.865142,-0.986802879502962,5.97221846157905,-2.32100434954646,0.9062186,0.22999077,2.0503693,190.21399,-65.15131,-23.564308,STU
9300553469000,2.870503,-0.974425959041257,6.37405147882122,-1.27111133328094,0.97158116,0.45753807,1.9963076,190.10782,-65.93032,-22.905176,STU
9300557966000,2.875,-0.889815151420432,6.90286912584479,0.704550994184676,0.96944314,0.8738427,1.9682078,189.97955,-66.691055,-22.260933,STU
9300562948000,2.879982,-0.900350959222869,7.62606115023964,2.67265036817871,0.8164214,2.1991148,1.8695531,189.54114,-67.39985,-21.68621,STU
9300568018000,2.885052,-1.16631144320096,8.69821453623759,4.13543293459432,0.3323107,3.413515,1.690875,189.03198,-68.03991,-21.155075,STU
9300573354000,2.890388,-1.43933902530876,9.83291694058758,5.61528628847305,0.12705997,3.8469238,1.4459181,188.54265,-68.54898,-20.668514,STU
9300577983000,2.895017,-1.50985058830464,10.9693975080464,5.45767230329341,0.3930918,3.3899968,1.2174544,187.96857,-68.99117,-20.257595,STU
9300582927000,2.899961,-1.58516041061003,12.1832147311003,5.28933280389222,0.84238315,2.4614816,1.1114693,187.36505,-69.392815,-19.839157,STU
9300587953000,2.904987,-1.2705704272381,12.8075436700952,3.84177346186667,1.1844677,1.5986344,1.0852021,186.88333,-69.74745,-19.469547,STU
9300593036000,2.91007,-0.862594808476191,13.2989685941905,2.08469659313333,1.3701707,1.0082331,1.1032226,186.6002,-70.093025,-19.11299,STU
9300597988000,2.915022,-0.595401391337028,13.503762636272,0.731131518915869,1.5748106,0.62888575,1.1600331,186.58365,-70.51022,-18.698624,STU
9300603155000,2.920189,-0.366057872509824,13.6134488055416,-0.545215073610076,1.7715092,0.36651915,1.2492194,186.70224,-70.9401,-18.273378,STU
9300607955000,2.924989,-0.425152416816131,13.4984955855894,-1.3625812142696,1.9147571,0.19364429,1.3316863,187.08685,-71.45318,-17.813086,STU
9300612972000,2.930006,-0.574197880095883,13.3088010611957,-2.09877556789622,2.0118847,0.08093964,1.3839152,187.52724,-71.982025,-17.342129,STU
9300618136000,2.93517,-1.05142454364473,13.0518523344454,-2.56236496825969,2.0778582,0.021380283,1.3805555,187.95964,-72.63074,-16.803963,STU
9300623289000,2.940323,-1.72335797996664,12.7581599105951,-2.84715789625789,2.1270328,0.02076942,1.3130548,188.4133,-73.259514,-16.280302,STU
9300628024000,2.945058,-2.48948779894139,12.5113445177202,-3.14697718341516,2.1777346,0.13958271,1.1872166,188.71133,-73.911766,-15.763824,STU
9300632968000,2.950002,-3.49920479495244,12.2861556714483,-3.51381678758822,2.2131648,0.4990769,0.9999864,188.95067,-74.494194,-15.29903,STU
9300637921000,2.954955,-4.51075986801933,12.0605568940242,-3.88132418230285,2.1755965,1.3139712,0.7733554,188.89456,-74.91526,-14.984726,STU
9300643040000,2.960074,-6.13183238059702,11.9072355791737,-4.09334329311061,1.9828686,2.5891523,0.4896085,188.60887,-75.22263,-14.747404,STU
9300647980000,2.965014,-7.85268506716418,11.7809774898191,-4.25233521798952,1.63437,3.277292,0.14782938,188.26851,-75.40763,-14.590868,STU
9300653099000,2.970133,-9.0246482224133,11.9524124568644,-3.77182917191172,1.427592,4.4333544,-0.025045475,187.27188,-104.661575,-14.644614,STU
9300657967000,2.975001,-9.964439643833,12.2018361824783,-3.1304548009936,1.0228939,5.0802608,-0.31978795,186.2316,-104.886635,-14.814763,STU
9300662961000,2.979995,-10.3793976592091,12.5562447579237,-2.32599317009126,0.6826419,5.3102517,-0.47616947,184.86444,-105.38847,-15.226415,STU
9300668043000,2.985077,-10.5226695667746,12.9669557311353,-1.43293407306447,0.38637227,5.4174585,-0.46089783,183.34996,-105.9137,-15.642723,STU
9300672980000,2.990014,-10.4209909424323,13.2017304345406,0.0442633282729679,0.093767814,5.59858,-0.30665436,181.73178,-106.54207,-16.183968,STU
9300677979000,2.995013,-10.180766667731,13.3458649993614,1.88743645003193,-0.18142697,5.696013,-0.050396383,180.11716,-107.104225,-16.665459,STU
9300682972000,3.000006,-9.69335412453433,13.2972049318787,4.858631473124,-0.4129449,5.139515,0.23732115,178.69295,-107.57553,-17.111622,STU
9300687960000,3.004994,-8.88999942735498,13.0023023730708,9.27199900734433,-0.40133846,3.2629366,0.5207626,177.65152,-107.96373,-17.4984,STU
9300693067000,3.010101,-7.65075430405735,12.2856758662398,10.4746876026167,-0.16432275,1.3313808,0.75533485,177.03203,-108.25829,-17.892494,STU
9300697976000,3.01501,-6.1522681322987,11.2910476916278,9.18559711654256,-0.024740042,-0.061086524,0.88117313,176.8113,-108.51122,-18.248789,STU
9300703308000,3.020342,-4.5246600109263,10.2107141355,7.78542794323892,0.058337633,-0.94714653,0.94134337,176.74579,-108.50671,-18.362055,STU
9300707953000,3.024987,-3.6905448447153,9.72577005537669,6.23276124757612,0.092240654,-1.4181237,0.947452,176.98994,-108.51112,-18.45228,STU
9300712953000,3.029987,-3.02102304359305,9.38219954668384,4.43121861120412,0.093767814,-1.6010778,0.95294976,177.42406,-108.5246,-18.514034,STU
9300718104000,3.035138,-2.40714406994434,9.19027348803828,2.84487915955473,0.040927973,-1.5855007,0.96944314,177.95482,-71.64976,-18.350239,STU
9300722973000,3.040007,-1.89263078756957,9.14929467942584,1.57908550055659,-0.014660766,-1.4676038,1.0238101,178.50667,-71.81894,-18.16988,STU
9300727969000,3.045003,-1.43158959040683,9.18887206128395,0.544860607123088,-0.050396383,-1.3179418,1.070236,179.08458,-72.04448,-17.924408,STU
9300732951000,3.049985,-1.04934039196754,9.3229076109666,-0.179923583146395,-0.064446285,-1.1728612,1.1264355,179.62189,-72.27992,-17.659397,STU
9300738706000,3.05574,-0.731974782020385,9.50817678807145,-0.743028387060248,-0.07696902,-1.0348058,1.1496484,180.20967,-72.54877,-17.363417,STU
9300743005000,3.060039,-0.557469881614694,9.66190736209506,-1.02556017685135,-0.09407325,-0.9419542,1.1453724,180.75742,-72.824615,-17.056797,STU
9300747949000,3.064983,-0.412147934389741,9.81100731427675,-1.26594294901803,-0.0983493,-0.906524,1.1371256,181.21837,-73.20756,-16.656034,STU
9300752968000,3.070002,-0.308696788890682,9.94032094233701,-1.4426719716169,-0.10567969,-0.8374963,1.1102476,181.63992,-73.58061,-16.265085,STU
9300757945000,3.074979,-0.22720781391596,10.0406554489051,-1.59918314600513,-0.12644911,-0.79504114,1.0619892,182.02588,-74.00488,-15.830239,STU
9300762962000,3.079996,-0.189293556091931,10.0833091040146,-1.7176652078911,-0.14263703,-0.7644979,1.0097603,182.39609,-74.41636,-15.408745,STU
9300768044000,3.085078,-0.172248231457663,10.1050143954091,-1.81797579632905,-0.15210545,-0.73731434,0.95447695,182.73969,-74.84747,-14.973357,STU
9300773146000,3.09018,-0.202797181018221,10.0788295059843,-1.87470957151661,-0.14844026,-0.71959925,0.8921687,183.0793,-75.25741,-14.5596,STU
9300778025000,3.095059,-0.240185853353222,10.0528889999006,-1.92218019990056,-0.13347405,-0.6994407,0.8335256,183.39308,-75.67022,-14.147467,STU
9300782960000,3.099994,-0.381180893955847,10.0152902968874,-1.88458149688743,-0.11881329,-0.7076874,0.7819075,183.7123,-76.06324,-13.755496,STU
9300788120000,3.105154,-0.5369042722033,9.97732935262551,-1.84355483399858,-0.106901415,-0.7504479,0.7431176,184.01367,-76.447685,-13.375472,STU
9300793046000,3.11008,-0.77960168575306,9.95640739759624,-1.78497270451481,-0.093767814,-0.8384125,0.70463306,184.33261,-76.814156,-13.0138235,STU
9300797942000,3.114976,-1.02082103953699,9.93561286007628,-1.72674734804861,-0.09254608,-0.96852684,0.67347896,184.65666,-77.15181,-12.680043,STU
9300802968000,3.120002,-1.36041691334487,9.96235771060302,-1.70037782976863,-0.07696902,-1.106277,0.64934975,185.00919,-77.478355,-12.357865,STU
9300808807000,3.125841,-1.7831965217526,10.0082011473857,-1.68000292169794,-0.0571159,-1.251052,0.61941737,185.40157,-77.79173,-12.048005,STU
9300812955000,3.129989,-2.1666104935799,10.025886537733,-1.70158117017247,-0.036957346,-1.3692545,0.5739079,185.79715,-78.055374,-11.787587,STU
9300818037000,3.135071,-2.67605918318214,10.0404420017944,-1.74524817031203,0.002443461,-1.4446963,0.528093,186.22032,-78.31033,-11.536951,STU
9300822976000,3.14001,-3.18356026416313,10.0661962883101,-1.79375926579851,0.037873644,-1.4850134,0.47036624,186.63278,-78.49462,-11.357634,STU
9300827942000,3.144976,-3.70206520694529,10.0998032646881,-1.84656996369877,0.08246681,-1.4877623,0.40622538,187.05263,-78.6654,-11.193869,STU
9300832954000,3.149988,-4.40157506400824,10.0421125060376,-1.97397054094356,0.13927728,-1.4483615,0.35063666,187.42899,-78.752975,-11.116047,STU
9300837942000,3.154976,-5.2109179614715,9.92585330581297,-2.14835934128054,0.18203785,-1.3707817,0.28771752,187.79063,-78.82151,-11.0586,STU
9300843147000,3.160181,-5.79705048894783,9.80880105835544,-2.31792592714412,0.22815818,-1.2290609,0.23518312,188.07848,-78.80583,-11.088909,STU
9300847975000,3.165009,-6.09230476807152,9.70432672413793,-2.4632818339719,0.27885997,-1.1166617,0.21013765,188.34734,-78.782196,-11.1279545,STU
9300852967000,3.170001,-6.2632318,9.643845,-2.5474305,0.31123585,-0.8555168,0.19058995,188.46729,-78.61341,-11.315563,STU
9300857951000,3.174985,-6.2632318,9.643845,-2.5474305,0.3933972,-0.5030475,0.2049453,188.52257,-78.451256,-11.49745,STU
9300862992000,3.180026,-6.32764083611048,9.48886041204437,-2.42062510572787,0.50426924,-0.14202617,0.2611449,188.47472,-78.24672,-11.721787,STU
9300868136000,3.18517,-6.4466067541544,9.20259803486529,-2.18641076169346,0.63346726,0.14049901,0.31612277,188.34422,-78.0464,-11.938818,STU
9300873003000,3.190037,-6.559166459271,8.93175064183835,-1.96480865974643,0.7733554,0.32834008,0.36987892,188.13708,-77.85895,-12.137663,STU
9300878040000,3.195074,-6.38242469712187,8.80626536998809,-1.57827221409289,0.9080512,0.42546764,0.43096542,187.87486,-102.31544,-12.315297,STU
9300883051000,3.200085,-6.17762702688567,8.69672260242159,-1.17820195111155,1.0054842,0.42821655,0.48533243,187.5877,-102.48345,-12.476099,STU
9300888008000,3.205042,-5.89278779427688,8.59917835015468,-0.837261396887084,1.0955868,0.3463606,0.50579643,187.2806,-102.686195,-12.662437,STU
9300893052000,3.210086,-5.59391421500387,8.50111048743233,-0.496358921674401,1.1481212,0.23762658,0.47525316,186.98405,-102.8944,-12.844966,STU
9300897997000,3.215031,-5.12778423115183,8.47265949528796,-0.217482757075812,1.1899655,0.12858713,0.4089743,186.72415,-103.08103,-13.002834,STU
9300902988000,3.220022,-4.6222782434555,8.45764468586387,0.0527877604125654,1.2137892,0.079107046,0.3454443,186.48119,-103.27908,-13.16663,STU
9300907991000,3.225025,-4.09068487456357,8.54683055099122,0.287803877059276,1.212873,0.0870483,0.3005457,186.26964,-103.44069,-13.297546,STU
9300912937000,3.229971,-3.562777011007,8.64493711228918,0.516719697013512,1.1661417,0.12095132,0.2724459,186.06624,-103.61433,-13.439896,STU
9300918143000,3.235177,-3.04555247323944,8.78486189800091,0.832592196965016,1.1108584,0.160963,0.27183503,185.90239,-103.72136,-13.518198,STU
9300922953000,3.239987,-2.57256010704225,8.91880652089959,1.13396791536574,1.0366384,0.18997909,0.28252518,185.73375,-103.82991,-13.600296,STU
9300927988000,3.245022,-2.0971119281777,9.02108405800082,1.51127999526944,0.9184359,0.14172074,0.31612277,185.62256,-103.84052,-13.593341,STU
9300932937000,3.249971,-1.63894771797614,9.10394367276841,1.91095505665364,0.79504114,-0.013439035,0.35338554,185.53777,-103.844086,-13.58466,STU
9300937958000,3.254992,-1.34813125089198,9.1129463730641,2.2475869857871,0.66737026,-0.12583824,0.37965274,185.50928,-103.76317,-13.495209,STU
9300943126000,3.26016,-1.11526903281709,9.09354079141345,2.56777264961772,0.5488624,-0.4098906,0.3894266,185.57883,-103.67148,-13.405876,STU
9300948511000,3.265545,-1.01471884078404,9.04191334011892,2.6798864027008,0.43951756,-0.9120218,0.36254853,185.79016,-103.51468,-13.26396,STU
9300953034000,3.270068,-0.971066808505492,8.98953122956767,2.71044274780812,0.35460728,-1.0763446,0.3408628,185.98499,-103.35021,-13.118123,STU
9300957947000,3.274981,-0.981247457487537,8.96000135174477,2.62554593489531,0.3136793,-1.3793337,0.2864958,186.3841,-103.16757,-12.9672985,STU
9300962951000,3.279985,-1.01469273668993,8.94088986340977,2.49176476819541,0.2556471,-1.6481144,0.23304509,186.81805,-102.98738,-12.822496,STU
9300968095000,3.285129,-1.13479544022671,8.96956007264663,2.31062619439133,0.2275473,-1.8726074,0.1994475,187.32599,-102.814575,-12.683756,STU
9300972976000,3.29001,-1.28223960088714,9.01563632774766,2.12171340413997,0.1966986,-2.0803015,0.16890424,187.90295,-102.65491,-12.558265,STU
9300977991000,3.295025,-1.50478598567191,9.09201382201127,1.86289862159597,0.17287487,-2.2568417,0.14935656,188.52896,-102.50823,-12.4411125,STU
9300982958000,3.299992,-1.75878298285375,9.1813829857609,1.57597605772768,0.16218472,-2.3915374,0.14569137,189.19751,-102.36615,-12.324178,STU
9300987950000,3.304984,-1.98106967933515,9.26417632095645,1.2364887836217,0.15577064,-2.4782803,0.15393804,189.88397,-102.247856,-12.224538,STU
9300993060000,3.310094,-2.19036679578149,9.34504127624417,0.860705254558709,0.14202617,-2.5057693,0.2012801,190.58472,-102.11903,-12.109089,STU
9300997975000,3.315009,-2.3983676500288,9.41949472585909,0.46640647781148,0.14752395,-2.441323,0.25473082,191.2465,-102.01818,-12.015098,STU
9301002976000,3.32001,-2.61443595583605,9.49304994077558,0.0434642464599731,0.15302174,-2.3060162,0.30451632,191.88553,-101.9031,-11.902937,STU
9301007957000,3.324991,-2.86241526468619,9.56202696610879,-0.445463776941423,0.16249016,-2.078469,0.35827246,192.42496,-78.2149,-11.784841,STU
9301012945000,3.329979,-3.14223434267782,9.62698470920502,-1.00010515696653,0.19639318,-1.8194622,0.40530908,192.90544,-78.34716,-11.651246,STU
9301018066000,3.3351,-3.37119015020363,9.60136294104035,-1.53544026788227,0.23090707,-1.5393804,0.42730024,193.28337,-78.45886,-11.538954,STU
9301022983000,3.340017,-3.55424691084783,9.5185517226953,-2.02794990718252,0.2932153,-1.2541064,0.4269948,193.57808,-78.57836,-11.419523,STU
9301028313000,3.345347,-3.77184852399771,9.44134764986636,-2.48406413463154,0.38820487,-0.9789116,0.3998113,193.8136,-78.63528,-11.364063,STU
9301032961000,3.349995,-3.98005163762887,9.38611027835052,-2.80699161030928,0.49174652,-0.73945236,0.37293324,193.97353,-101.30877,-11.308769,STU
9301037920000,3.354954,-4.15707170032098,9.35471877677269,-3.10098787347534,0.60231316,-0.6239988,0.36010507,194.09558,-101.30734,-11.304838,STU
9301043034000,3.360068,-4.24758243692248,9.37853735239763,-3.30106405795156,0.6450737,-0.38515055,0.35124752,194.11143,-101.3175,-11.306737,STU
9301047964000,3.364998,-4.29868128207679,9.38532639029242,-3.48024050551025,0.7315111,-0.13072516,0.3555236,194.08385,-101.38482,-11.353903,STU
9301052974000,3.370008,-4.26050382633778,9.35192074278894,-3.62817901853988,0.799928,0.18417588,0.36102137,193.97005,-101.46332,-11.400296,STU
9301057947000,3.374981,-4.11257263391304,9.27744849782609,-3.58755507956522,0.8170323,0.5317582,0.37965274,193.77634,-101.56747,-11.455407,STU
9301063746000,3.38078,-3.59815660816635,9.06223379546314,-2.95765838170132,0.8231409,0.8979719,0.37323865,193.48853,-101.6898,-11.510706,STU
9301067990000,3.385024,-3.27664536254759,8.94243300535035,-2.48796962527009,0.77732605,1.2400564,0.37568212,193.11989,-101.81372,-11.548631,STU
9301072998000,3.390032,-3.16808146552114,8.9868454477827,-1.89086716106595,0.7257079,1.5537357,0.37568212,192.65831,-101.95132,-11.581962,STU
9301077966000,3.395,-3.11489847274059,9.03646303680982,-1.30605606863657,0.634689,1.8267925,0.3753767,192.1526,-102.010895,-11.54349,STU
9301082964000,3.399998,-3.25953174178189,9.10658834969325,-0.745053858465342,0.5314528,2.0253236,0.3539964,191.58499,-102.07921,-11.507107,STU
9301088205000,3.405239,-3.4202524317054,9.17756076860969,-0.150456572601418,0.40744713,2.1374176,0.33933565,190.98871,-102.10294,-11.454349,STU
9301093716000,3.41075,-3.70607147152422,9.21913419850335,0.556295935584876,0.28588495,2.162463,0.32375857,190.3708,-102.12827,-11.409491,STU
9301098282000,3.415316,-3.9441519488166,9.24857854868691,1.1333845164163,0.1600467,2.0696115,0.31031954,189.77394,-102.13971,-11.4059305,STU
9301102967000,3.420001,-4.20599524693613,9.20978717399762,1.60858164113261,0.054367006,1.8845193,0.30757064,189.20882,-102.14885,-11.41249,STU
9301107977000,3.425011,-4.47941795131591,9.17255569561983,2.07833982191016,-0.04886922,1.6175711,0.29932398,188.6837,-102.19027,-11.490581,STU
9301112962000,3.429996,-4.71472344183019,9.15923624662885,2.33140434594997,-0.13622294,1.2980887,0.29810223,188.23566,-102.228935,-11.576868,STU
9301118269000,3.435303,-4.96482727049698,9.14503291582878,2.58274197730537,-0.21380283,0.9465357,0.31245756,187.84328,-102.29578,-11.716169,STU
9301123045000,3.440079,-5.18382006475151,9.13189354208561,2.53456351134731,-0.26725355,0.6114761,0.32436943,187.54416,-102.366356,-11.863404,STU
9301127985000,3.445019,-5.41033271207507,9.11830298381691,2.48473067595519,-0.2996294,0.33658674,0.33505958,187.30936,-102.471436,-12.055928,STU
9301133783000,3.450817,-5.69061937558606,9.03569191805702,2.18182313947202,-0.30909783,0.15363261,0.321926,187.14879,-102.587555,-12.254224,STU
9301138268000,3.455302,-5.89880638274681,8.96928166501807,1.93343469980027,-0.2932153,0.04520403,0.29840767,187.04913,-102.71271,-12.453106,STU
9301143045000,3.460079,-6.01193750123645,8.91706724671866,1.68106566258322,-0.25870144,0.03604105,0.28099802,186.95012,-102.88665,-12.688604,STU
9301147992000,3.465026,-6.12909463817767,8.86299466406696,1.41971552083888,-0.23090707,0.043982297,0.23335053,186.8618,-103.123795,-12.974227,STU
9301152984000,3.470018,-6.1170922,8.89317190192213,1.27269574332183,-0.16035213,0.06841691,0.19242255,186.77167,-103.3699,-13.257405,STU
9301157932000,3.474966,-6.09373764,8.93053917841301,1.13724037807787,-0.077579886,0.0711658,0.1423316,186.6856,-103.63443,-13.551275,STU
9301162949000,3.479983,-5.86926840748249,9.10620586730557,1.0466261957289,0.00580322,0.040317107,0.08124508,186.59116,-103.93866,-13.874406,STU
9301168009000,3.485043,-5.61473996295614,9.30268419388131,0.961783373115555,0.06811147,-0.024129177,0.004276057,186.50479,-104.25938,-14.209596,STU
9301172976000,3.49001,-5.14746417230274,9.6583513338701,0.831789109796028,0.11209377,-0.094989546,-0.053450707,186.43065,-104.58363,-14.543367,STU
9301177998000,3.495032,-4.58984425925926,10.0817288469136,0.682057842839506,0.1423316,-0.13836098,-0.11575896,186.36522,-104.92532,-14.892471,STU
9301182964000,3.499998,-3.98135641422796,10.6280282026377,0.562777548421255,0.16462818,-0.15974127,-0.16707164,186.32344,-105.21473,-15.186905,STU
9301187951000,3.504985,-3.36068470619946,11.198127083558,0.447838336118598,0.17654006,-0.15943582,-0.18967366,186.28532,-105.50685,-15.483193,STU
9301193036000,3.51007,-2.73400094567901,11.8534861234568,0.326084359506173,0.17959438,-0.1459968,-0.2003638,186.27328,-105.696465,-15.674521,STU
9301197973000,3.515007,-2.12730790778653,12.5107367865267,0.206584204916885,0.16707164,-0.13164146,-0.20005837,186.25848,-105.88389,-15.863557,STU
9301203005000,3.520039,-1.61122749207588,13.0001941692521,0.134714000631361,0.12095132,-0.10781772,-0.18387043,186.27621,-105.92787,-15.9080305,STU
9301207950000,3.524984,-1.14331611360538,13.4119561744887,0.0832437524197214,0.05009095,-0.07941248,-0.1685988,186.28754,-105.97005,-15.951111,STU
9301212960000,3.529994,-0.841137896542792,13.5350155049318,0.238361064302082,-0.040011674,-0.05009095,-0.14019357,186.32849,-105.86512,-15.8462305,STU
9301218047000,3.535081,-0.613011059709076,13.5253077837003,0.490756722730896,-0.17256944,-0.051618114,-0.13561209,186.37088,-105.764984,-15.747683,STU
9301222979000,3.540013,-0.604627269520786,13.2515515432087,0.858778015765453,-0.3222314,-0.086437434,-0.14477506,186.4318,-105.55977,-15.544849,STU
9301227999000,3.545033,-0.690485008383768,12.8556519003869,1.28806680969342,-0.51068336,-0.13988814,-0.18600847,186.49997,-105.368774,-15.357966,STU
9301233024000,3.550058,-0.98903843267023,12.347197509996,1.61391000018804,-0.73945236,-0.17195857,-0.22571471,186.59116,-105.15429,-15.149071,STU
9301237958000,3.554992,-1.3818694587787,11.7953634995051,1.88515044850554,-0.9691377,-0.16829337,-0.2452624,186.68639,-104.95374,-14.952773,STU
9301243141000,3.560175,-1.86033574185875,11.2719475260926,2.04570342393509,-1.0839803,-0.12736541,-0.31337386,186.78075,-75.177376,-14.822034,STU
9301247996000,3.56503,-2.34046529538079,10.8089655765259,2.13572772920893,-1.3029755,-0.039095376,-0.38056904,186.85796,-75.291405,-14.699568,STU
9301252958000,3.569992,-2.8839418678625,10.3773226000214,2.22264791400728,-1.4899004,0.06658431,-0.46822822,186.8868,-75.28073,-14.688632,STU
9301257943000,3.574977,-3.48721500488327,9.98877393381881,2.30444771749839,-1.6530013,0.1600467,-0.5723807,186.89284,-75.22952,-14.701849,STU
9301262954000,3.579988,-3.96700302010864,9.7631711581054,2.34229559876108,-1.7742581,0.23671028,-0.6808093,186.83405,-75.02849,-14.845629,STU
9301268044000,3.585078,-4.37116745334985,9.64238637491661,2.3515867284666,-1.8713857,0.3051272,-0.7855727,186.75188,-74.78078,-15.016863,STU
9301272990000,3.590024,-4.679546042179,9.60236313927551,2.33534973697115,-1.9446895,0.35521814,-0.8863655,186.61182,-74.38449,-15.316276,STU
9301277986000,3.59502,-4.91328396434694,9.63323389713338,2.2956582691861,-1.9911152,0.35796702,-1.0009027,186.46947,-73.941345,-15.646131,STU
9301282930000,3.599964,-5.08544717636598,9.69619328840206,2.24210807940722,-2.0005836,0.33964106,-1.1175779,186.29546,-73.38956,-16.072489,STU
9301287952000,3.604986,-5.14329323868557,9.8242806064433,2.15947111255155,-1.9752327,0.2947425,-1.2290609,186.13359,-72.80383,-16.523888,STU
9301293442000,3.610476,-5.19367229599213,9.97480442263877,2.06999954473902,-1.9407189,0.24617869,-1.3310753,185.96379,-72.155014,-17.035568,STU
9301297981000,3.615015,-5.13965072187241,10.1773845617233,2.00247298840099,-1.8692477,0.22418754,-1.4095715,185.80418,-71.491936,-17.563889,STU
9301302988000,3.620022,-5.06985187393849,10.4016961485119,1.9295099775496,-1.7931949,0.24617869,-1.4761559,185.64488,-70.81689,-18.111734,STU
9301307962000,3.624996,-4.89500131578373,10.6332550931548,1.87280159106151,-1.7263051,0.31520647,-1.5167783,185.48065,-70.14339,-18.665848,STU
9301313009000,3.630043,-4.71507612430427,10.8721275732839,1.80912810352505,-1.6759088,0.4474588,-1.5610662,185.29114,-69.49647,-19.208733,STU
9301318112000,3.635146,-4.5020047143692,11.1622676797774,1.66859153086271,-1.6398678,0.61361414,-1.5937474,185.07175,-68.85912,-19.75391,STU
9301322948000,3.639982,-4.30008166156772,11.4372270282004,1.53540813572356,-1.6340646,0.7825184,-1.6218473,184.81378,-68.276085,-20.256454,STU
9301327964000,3.644998,-4.39645606334818,11.4958126914758,1.57358645991306,-1.6450601,0.91538155,-1.6420058,184.51776,-67.70007,-20.762505,STU
9301333227000,3.650261,-4.53795059705053,11.5298439196375,1.63153347269385,-1.647809,0.96852684,-1.6820174,184.19762,-67.12423,-21.277279,STU
9301337944000,3.654978,-4.75422256696589,11.5221197666068,1.67401546750449,-1.6508633,0.95722586,-1.7009543,183.84482,-66.63256,-21.72167,STU
9301343069000,3.660103,-4.98920112236471,11.513727507908,1.72017197024023,-1.6401732,0.89369583,-1.7531832,183.50803,-66.105,-22.200901,STU
9301347958000,3.664992,-5.1896137440585,11.5578928409506,1.64026010968921,-1.6224581,0.7663304,-1.8008307,183.19646,-65.58396,-22.673504,STU
9301352933000,3.669967,-5.38317287466992,11.6256384356084,1.50476861720496,-1.575116,0.61117065,-1.8420641,182.91614,-65.06508,-23.147148,STU
9301357958000,3.674992,-5.42928030528967,11.7109205734005,1.22384834097531,-1.5042557,0.44318274,-1.8661933,182.67671,-64.50653,-23.656136,STU
9301362943000,3.679977,-5.41485017430731,11.8023125749118,0.887140380919899,-1.4181237,0.28924468,-1.8548924,182.48038,-63.965103,-24.150278,STU
9301368091000,3.685125,-5.32332477756286,11.8904074996132,0.47611549209207,-1.2990049,0.12675454,-1.8191566,182.31133,-63.433117,-24.648355,STU
9301373027000,3.690061,-5.20903298646035,11.9726978756286,0.0600930746003868,-1.1582005,-0.02443461,-1.7434094,182.1814,-62.93814,-25.11428,STU
9301377963000,3.694997,-5.08013542912941,12.0030010537568,-0.347373583514236,-0.9972375,-0.10873401,-1.6453656,182.05757,-62.501698,-25.54077,STU
9301382949000,3.699983,-4.9427111423579,12.0079088992702,-0.754737801908315,-0.840856,-0.14844026,-1.5393804,181.95915,-62.11099,-25.929157,STU
9301388789000,3.705823,-4.77552622279978,12.0286789327099,-1.15806840629813,-0.6747007,-0.112399206,-1.4178182,181.89523,-61.773937,-26.280136,STU
9301393054000,3.710088,-4.65195746633663,12.0474014537954,-1.43516191386139,-0.51159966,0.011301007,-1.2895365,181.80594,-61.489586,-26.594309,STU
9301397973000,3.715007,-4.53492608889365,12.1453920660812,-1.67663352220199,-0.37690386,0.2434298,-1.1893547,181.6867,-61.25366,-26.879425,STU
9301403095000,3.720129,-4.4351086384706,12.3135060681161,-1.86050783649995,-0.26297748,0.5729916,-1.1068878,181.48854,-61.065113,-27.139143,STU
9301407949000,3.724983,-4.37052657568292,12.5977972329393,-1.74133881587365,-0.1872302,0.93492925,-1.0488557,181.21231,-60.925243,-27.37272,STU
9301412956000,3.72999,-4.31813158092778,12.9502732219132,-1.47936314578325,-0.10476339,1.2986995,-1.0415252,180.82826,-60.805164,-27.608782,STU
9301418056000,3.73509,-4.22740417894737,13.2386752105263,-0.696082654736842,-0.07086037,1.6572775,-1.0604621,180.33856,-60.715263,-27.829502,STU
9301423187000,3.740221,-4.11676265303499,13.492228637208,0.35962035938831,-0.089491755,1.9416351,-1.1212431,179.7592,-60.615578,-28.067478,STU
9301428782000,3.745816,-3.86456154887927,13.5895774455988,1.8513344724887,-0.20586158,2.0754147,-1.1939361,179.15417,-60.52713,-28.276056,STU
9301432954000,3.749988,-3.61472625541126,13.5780463506494,3.12357294510823,-0.44684792,2.0653355,-1.2125676,178.5078,-60.422455,-28.48744,STU
9301437954000,3.754988,-3.26168774091379,13.4653207070498,4.53445068639653,-0.6078109,1.8399261,-1.2596041,177.99844,-60.308243,-28.6556,STU
9301443072000,3.760106,-2.83102851502998,13.2221247109779,5.83149520520984,-0.9275989,1.3570372,-1.2916746,177.58243,-60.16072,-28.815447,STU
9301447960000,3.764994,-2.51699430434102,12.9416571920219,6.57836734589363,-1.2269229,0.63621616,-1.3115277,177.48846,-60.003986,-28.900414,STU
9301452989000,3.770023,-2.28626232894016,12.6073319468127,6.87973154762417,-1.409877,-0.24678956,-1.3249667,177.60208,-59.821114,-28.968624,STU
9301458829000,3.775863,-2.16744028801941,12.1625712917804,6.56434185884137,-1.4541647,-1.6105462,-1.4022411,178.23804,-59.60576,-28.952892,STU
9301462945000,3.779979,-2.17142553812557,11.8158539499545,5.95061284313012,-1.2675453,-1.9847012,-1.4422529,178.82556,-59.39235,-28.93118,STU
9301468083000,3.785117,-2.21629463437892,11.4327818116977,4.99227250618666,-1.1661417,-2.5372288,-1.5421293,179.94014,-59.114452,-28.849585,STU
9301472973000,3.790007,-2.29765269962359,11.1163892308657,3.89393914454203,-0.9636399,-2.8154778,-1.6502525,181.07166,-58.842598,-28.761593,STU
9301478009000,3.795043,-2.41021620741232,10.780788040885,2.71958945375204,-0.7852673,-2.796541,-1.7284433,182.20341,-58.54537,-28.70707,STU
9301482963000,3.799997,-2.56017012040171,10.4373452225734,1.50544608164763,-0.6740898,-2.5027149,-1.7947221,183.3265,-58.240414,-28.66353,STU
9301487948000,3.804982,-2.70187463648253,10.0983976568417,0.441310774878001,-0.59864795,-2.0131063,-1.851838,184.24153,-57.954124,-28.694984,STU
9301493136000,3.81017,-2.83765106755807,9.75410757642007,-0.465481800292797,-0.57604593,-1.4636332,-1.8741345,185.0312,-57.67865,-28.748735,STU
9301497951000,3.814985,-2.93334549670624,9.43525274320184,-1.0841589076216,-0.550695,-0.9944886,-1.8750509,185.5879,-57.40121,-28.914108,STU
9301502973000,3.820007,-2.9886055766756,9.10369207104558,-1.40190455978552,-0.52626044,-0.64904433,-1.8606955,186.00256,-57.13528,-29.10518,STU
9301507920000,3.824954,-3.00174868865388,8.78826584186598,-1.65598488865388,-0.5036584,-0.38423425,-1.8231273,186.2484,-56.84685,-29.397738,STU
9301512948000,3.829982,-2.92084470003953,8.49320354062068,-1.77972050003953,-0.46731192,-0.15607607,-1.7434094,186.38632,-56.585167,-29.691648,STU
9301517995000,3.835029,-2.83221213555689,8.20438368469551,-1.79360620966546,-0.41722095,0.018936822,-1.6371188,186.42838,-56.31701,-30.027279,STU
9301522999000,3.840033,-2.7266140026242,7.93558909334936,-1.54401070930489,-0.37659842,0.12308934,-1.5344934,186.40877,-56.077194,-30.347559,STU
9301528814000,3.845848,-2.58333103145475,7.54946619175258,-1.03411743857961,-0.36010507,0.17806722,-1.4410311,186.33919,-55.85279,-30.66327,STU
9301532957000,3.849991,-2.45910459225659,7.19496633917526,-0.434194650080183,-0.37110063,0.19058995,-1.4095715,186.24231,-55.644478,-30.966482,STU
9301537920000,3.854954,-2.31029073327988,6.77030238350515,0.284467382100038,-0.39950588,0.16920967,-1.346347,186.16019,-55.452038,-31.23127,STU
9301543046000,3.86008,-2.18840734579915,6.48994885799151,0.723172195983027,-0.45875978,0.10170906,-1.2999213,186.08502,-55.26276,-31.483818,STU
9301547993000,3.865027,-2.08565780594059,6.29338455940594,1.00461651881188,-0.514654,-0.065973446,-1.2504412,186.04114,-55.092075,-31.703587,STU
9301552971000,3.870005,-2.00713929358355,6.12774512444318,1.16278373269832,-0.54244834,-0.2706133,-1.2064588,186.12534,-54.889362,-31.8713,STU
9301557996000,3.87503,-1.94784591286134,5.98635312131552,1.22207716104635,-0.5494733,-0.4700608,-1.1826351,186.2576,-54.695644,-32.013844,STU
9301562963000,3.879997,-1.91947450091174,5.87187204884578,1.1764127311387,-0.5308419,-0.65118235,-1.1585059,186.47939,-54.507813,-32.11049,STU
9301568133000,3.885167,-1.92907916744908,5.78542994971872,0.993923946580019,-0.47494772,-0.77671516,-1.1325442,186.74054,-54.336193,-32.184406,STU
9301572942000,3.889976,-1.94861163036936,5.73298327920657,0.839542734432285,-0.4156938,-0.84329945,-1.0989466,187.05437,-54.16868,-32.237682,STU
9301578155000,3.895189,-1.98763751147157,5.72322691080711,0.69807380337307,-0.35033122,-0.86651236,-1.072374,187.3857,-54.02005,-32.274582,STU
9301582947000,3.899981,-2.0111294,5.75168574119104,0.59656715848488,-0.29016098,-0.8735373,-1.022283,187.74232,-53.871735,-32.320545,STU
9301587970000,3.905004,-2.0111294,5.85594712934255,0.546918777196821,-0.23762658,-0.8738427,-0.96852684,188.09454,-53.744774,-32.35183,STU
9301593049000,3.910083,-1.99453038663934,5.97564109490357,0.50977020265443,-0.19425514,-0.88606006,-0.8854492,188.45074,-53.632195,-32.38026,STU
9301598551000,3.915585,-1.95034665586509,6.12782980847852,0.490132994103233,-0.16187929,-0.91415983,-0.77549344,188.79822,-53.55136,-32.380684,STU
9301603095000,3.920129,-1.90450174305596,6.2370616671499,0.482672179341838,-0.14782938,-0.93676186,-0.6441574,189.15215,-53.505547,-32.34681,STU
9301607950000,3.924984,-1.83260391808254,6.31345286570987,0.496152999236494,-0.16554448,-0.96883225,-0.5006041,189.50034,-53.49591,-32.272903,STU
9301613010000,3.930044,-1.75584153222335,6.36479106951522,0.50757074,-0.16310102,-0.9786061,-0.35705075,189.85274,-53.54089,-32.144802,STU
9301618064000,3.935098,-1.67124744684022,6.29355403062276,0.50757074,-0.16340645,-0.977079,-0.22724187,190.19333,-53.619663,-31.97794,STU
9301623266000,3.9403,-1.58140573499044,6.20598975821677,0.513026543369226,-0.16432275,-0.9673051,-0.10598512,190.55005,-53.742207,-31.757057,STU
9301627942000,3.944976,-1.46423661912046,5.94010591383717,0.589637163653014,-0.15332718,-0.97066486,-0.051923547,190.89934,-53.88367,-31.518433,STU
9301633206000,3.95024,-1.33052691720991,5.64048965710561,0.678242716688396,-0.14477506,-0.9783007,0.09162979,191.24713,-54.073566,-31.220865,STU
9301637953000,3.954987,-1.18605306302966,5.36635969067797,0.789376438771187,-0.13744467,-0.9941832,0.13988814,191.59879,-54.254772,-30.93474,STU
9301643100000,3.960134,-1.02940530076597,5.06913050651891,0.909874704530639,-0.1282817,-1.0198395,0.22785273,191.97865,-54.450985,-30.610836,STU
9301647987000,3.965021,-0.889055648623195,4.73615389595479,1.00900065699166,-0.1133155,-1.067487,0.2959642,192.36192,-54.656185,-30.277802,STU
9301652980000,3.970014,-0.751810712270159,4.3587302985918,1.09906763247825,-0.079107046,-1.1078042,0.3735441,192.7353,-54.889347,-29.919334,STU
9301657959000,3.974993,-0.605433056487764,3.98932785551938,1.12523806856423,-0.03970624,-1.1484267,0.462425,193.17358,-55.105957,-29.541595,STU
9301662952000,3.979986,-0.43969825369604,3.63274699976893,1.0247927637328,0.028710667,-1.1389582,0.54183745,193.59283,-55.348587,-29.150106,STU
9301668134000,3.985168,-0.247910868637239,3.37261941326744,0.695320784730714,0.12034045,-1.0845913,0.6582073,194.01172,-55.59802,-28.743109,STU
9301672981000,3.990015,-0.0457350854351286,3.25597957972192,0.127673386405897,0.21777347,-0.9993755,0.77824235,194.40173,-55.87814,-28.321175,STU
9301677985000,3.995019,0.15611561696195,3.14674406016647,-0.45382790332937,0.34208453,-0.8872818,0.9236283,194.75134,-56.19882,-27.876385,STU
9301682954000,3.999988,0.217414962662505,3.26462743053904,-0.939507377447483,0.46639562,-0.7318166,1.0751228,195.0443,-56.563103,-27.414219,STU
9301688252000,4.005286,0.278072046827981,3.40301494741751,-1.4483857325121,0.6072,-0.56688297,1.2308935,195.28505,-57.028835,-26.919718,STU
9301693047000,4.010081,0.282112588490981,3.66565019770348,-1.81203469313682,0.7449502,-0.4083634,1.382388,195.46962,-57.546555,-26.403574,STU
9301698099000,4.015133,0.286369693075231,3.94236204013198,-2.19517432798064,0.9016371,-0.25961772,1.5509869,195.56494,-58.18816,-25.84053,STU
9301703033000,4.020067,0.245883134236225,4.2441003281764,-2.51650981856497,1.0433578,-0.13622294,1.706452,195.61903,-58.878387,-25.255299,STU
9301707925000,4.024959,0.192907486205798,4.55232232698396,-2.81991590285773,1.1936307,-0.017104227,1.8640553,195.62823,-59.63049,-24.640047,STU
9301713866000,4.0309,-0.00680540949547835,4.87669605735364,-2.99048453726797,1.3154984,0.064751714,2.0048597,195.60368,-60.491444,-23.96982,STU
9301718036000,4.03507,-0.166470513693479,5.09718616692051,-3.0817217158496,1.4214834,0.1133155,2.1019874,195.56564,-61.393517,-23.278784,STU
9301722982000,4.040016,-0.432776729856627,5.30348973837828,-3.17685924473035,1.534188,0.13347405,2.1416936,195.51544,-62.375072,-22.554953,STU
9301728034000,4.045068,-0.735968322241739,5.49183580058868,-3.26873537146791,1.670411,0.1414153,2.1432207,195.47636,-63.38147,-21.821127,STU
9301732971000,4.050005,-1.08075894405431,5.85041496386974,-3.23394854819137,1.7476854,0.2049453,2.1313088,195.39871,-64.40917,-21.095142,STU
9301737959000,4.054993,-1.46080385484247,6.32673795752626,-3.11740162917153,1.8994855,0.49571714,2.104736,195.27942,-65.45512,-20.39241,STU
9301743068000,4.060102,-2.52816703758967,7.08172576847202,-2.7624417758967,2.014939,1.572978,2.0479257,194.88701,-66.467896,-19.798897,STU
9301748036000,4.06507,-3.82511671707317,7.91791719207317,-2.32728097073171,1.9052887,3.5537086,1.8713857,194.17598,-67.41762,-19.314234,STU
9301753142000,4.070176,-4.93259837427326,9.33541018459302,-1.68972184709302,1.5131133,5.227174,1.5289958,193.23944,-68.24037,-18.958513,STU
9301757956000,4.07499,-5.77022112977575,11.1829661083887,-0.914322590531562,1.3390167,5.6624155,1.1713341,192.11867,-69.000206,-18.684689,STU
9301762966000,4.08,-5.9266457002663,13.0681208057994,-0.466111568312457,1.5201381,4.838969,0.9755518,190.77913,-69.44518,-18.697098,STU
9301768030000,4.085064,-5.50572336315218,14.943138353092,-0.303482479431897,1.8460348,3.6254852,1.0091494,189.4528,-69.81426,-18.732973,STU
9301772982000,4.090016,-5.43459720443202,16.2903661426432,-0.420485668136355,2.0060816,2.7681358,1.1585059,188.30669,-70.043755,-18.80716,STU
9301778073000,4.095107,-5.66333647474546,17.2442578380914,-0.78549506667798,1.9578232,2.5567765,1.2339478,187.35077,-70.253235,-18.85332,STU
9301783654000,4.100688,-6.36754854093336,17.7225383420012,-0.932418694881353,1.7815884,2.9611692,1.1456778,186.60303,-70.62649,-18.68786,STU
9301787956000,4.10499,-7.14966141358513,17.7917876113308,-0.912051191917144,1.5079209,3.6548069,0.9459248,185.84651,-70.95269,-18.530937,STU
9301793077000,4.110111,-7.84752263107345,17.3638541717514,-0.590477785627119,1.2571607,4.181067,0.75747293,185.02249,-71.270966,-18.364603,STU
9301798009000,4.115043,-8.30561858700565,16.483242320904,-0.00785081735593229,1.1169671,4.269032,0.659429,184.13925,-71.5231,-18.232262,STU
9301803082000,4.120116,-8.6490312580842,15.4491331946309,0.626018747632703,1.1343768,3.8628063,0.6310238,183.1738,-71.59745,-18.250624,STU
9301807965000,4.124999,-8.79168993532642,14.2650657762864,1.28700441893838,1.2400564,3.255301,0.6588182,182.25938,-71.64546,-18.269524,STU
9301812953000,4.129987,-8.90067520774648,13.1242235070423,1.96122209233177,1.3607023,2.7070494,0.7076874,181.4156,-71.5505,-18.403383,STU
9301818160000,4.135194,-8.95920353785211,12.0365655457746,2.66356612793427,1.4101825,2.3554964,0.74220127,180.7093,-71.46134,-18.517847,STU
9301822972000,4.140006,-8.97955598275223,11.1379207634458,3.30628226859236,1.3399329,2.2467623,0.7476991,180.10548,-71.27839,-18.71167,STU
9301827937000,4.144971,-8.94428256750742,10.3883563156528,3.95884436405786,1.2644911,2.0528126,0.7290677,179.643,-71.105576,-18.890747,STU
9301832940000,4.149974,-8.83562373339265,9.71873534104389,4.59816223383748,1.0806206,1.7794504,0.68386364,179.30797,-70.83261,-19.16368,STU
9301837951000,4.154985,-8.44187930624753,9.38191747884539,5.16743110310399,0.88606006,1.3698653,0.64965516,179.07448,-70.56575,-19.429459,STU
9301843124000,4.160158,-7.89762220917445,9.12643120457969,5.57843260419554,0.7125743,0.8399397,0.65209866,178.94455,-70.260574,-19.72848,STU
9301848047000,4.165081,-6.88906244727327,9.21166184724315,5.34049785117505,0.5891795,0.2874121,0.6945538,178.94304,-69.961426,-20.0158,STU
9301853769000,4.170803,-5.71681403012956,9.31072537300392,5.06394642789997,0.4728097,-0.2012801,0.7861836,178.93643,-69.76373,-20.19565,STU
9301857955000,4.174989,-5.1006592336477,9.37079352144813,4.61433391989656,0.33383787,-0.5516113,0.80878556,179.05984,-69.55477,-20.375751,STU
9301862949000,4.179983,-4.53320085376737,9.43384422746172,3.90622325994321,0.28221974,-0.7837401,0.8481864,179.29604,-69.373856,-20.516472,STU
9301868022000,4.185056,-4.02907503518337,9.4806330266719,3.25383990974701,0.20647246,-0.8765916,0.86590147,179.64043,-69.36878,-20.471767,STU
9301872967000,4.190001,-3.59255920909002,9.51313968582075,2.66872314842126,0.15851954,-0.8921687,0.8744536,180.02795,-69.364975,-20.414406,STU
9301878095000,4.195129,-3.17515092347867,9.57595638322275,2.13460498080569,0.10048734,-0.86529064,0.88270026,180.47217,-69.43119,-20.283129,STU
9301882959000,4.199993,-2.80867968996209,9.65984724350711,1.68865801587678,0.061391957,-0.806953,0.8903361,180.90422,-69.49371,-20.147839,STU
9301887944000,4.204978,-2.47218531647318,9.74252787508395,1.26472293557325,0.03970624,-0.7473936,0.8958339,181.35814,-69.615326,-19.955692,STU
9301893071000,4.210105,-2.18482864893025,9.82261099529886,0.878440269326489,0.02107485,-0.6728681,0.9108001,181.78075,-69.73762,-19.758429,STU
9301897973000,4.215007,-1.90673508799602,9.92187379413227,0.552795559571358,0.017104227,-0.57635134,0.90377516,182.1728,-69.93099,-19.502695,STU
9301902976000,4.22001,-1.6160659626554,10.0695904167081,0.309777071118846,0.004581489,-0.4804455,0.8888089,182.53658,-70.122765,-19.246994,STU
9301907927000,4.224961,-1.35913385423811,10.2174391727211,0.0896794706141626,-0.003970624,-0.39614612,0.88453287,182.82411,-70.40111,-18.927284,STU
9301912955000,4.229989,-1.16788710643224,10.371370104427,-0.087573553913591,-0.0033597588,-0.33444872,0.8921687,183.08897,-70.67491,-18.613325,STU
9301918087000,4.235121,-0.989619177316928,10.5113033363763,-0.268365344483032,0.0036651916,-0.28344148,0.89644474,183.31494,-71.017105,-18.24668,STU
9301922979000,4.240013,-0.864103893570153,10.59962874102,-0.440367758672356,0.017104227,-0.2687807,0.89644474,183.5349,-71.35611,-17.884272,STU
9301928014000,4.245048,-0.748769766429139,10.6569798499304,-0.605882929377857,0.03023783,-0.22174409,0.8933904,183.71793,-71.74546,-17.483301,STU
9301932958000,4.249992,-0.678185803590737,10.6099238976347,-0.732934098847148,0.051923547,-0.17806722,0.8897252,183.90045,-72.1307,-17.088373,STU
9301937975000,4.255009,-0.619586056247281,10.5495440221175,-0.858370801522843,0.095294975,-0.14049901,0.9062186,184.06076,-72.557655,-16.6642,STU
9301943077000,4.260111,-0.606299032155547,10.4432478848803,-0.973525142893401,0.12370021,-0.07971791,0.90102625,184.20537,-72.97173,-16.255213,STU
9301948187000,4.265221,-0.599185639424198,10.3323630422741,-1.08424533177843,0.15149458,-0.03604105,0.8903361,184.33057,-73.40891,-15.833303,STU
9301952994000,4.270028,-0.687264161154337,10.1603997997449,-1.11779903265306,0.17195857,-0.013133603,0.88697636,184.44801,-73.84132,-15.418347,STU
9301957930000,4.274964,-0.777706346147048,9.98382177496356,-1.15225317609329,0.1872302,-0.0036651916,0.874759,184.54329,-74.2741,-15.011413,STU
9301962950000,4.279984,-0.877058201140205,9.82017876731763,-1.16221793511691,0.20158553,-0.023823744,0.8530733,184.64513,-74.697815,-14.614319,STU
9301967981000,4.285015,-0.97832291724757,9.65984323373325,-1.16643733995972,0.18051068,-0.07696902,0.82833326,184.7583,-75.1085,-14.22735,STU
9301972988000,4.290022,-1.11002556867133,9.51400211678322,-1.15803020783217,0.17928895,-0.14263703,0.8072584,184.85815,-75.49841,-13.866161,STU
9301977971000,4.295005,-1.26734833691309,9.38051620854146,-1.1389607497003,0.16218472,-0.2489276,0.7901542,184.98938,-75.873276,-13.514416,STU
9301982964000,4.299998,-1.47048053496933,9.31012522392638,-1.12195523435583,0.14172074,-0.37843102,0.7715228,185.12569,-76.21688,-13.190965,STU
9301987947000,4.304981,-1.71277150451661,9.29498146842606,-1.10681205864184,0.12095132,-0.5180137,0.73945236,185.2989,-76.54554,-12.878617,STU
9301992977000,4.310011,-1.98929475241096,9.31901088599255,-1.12198883531939,0.08032878,-0.65576386,0.713796,185.48897,-76.83775,-12.59714,STU
9301997980000,4.315014,-2.28208738557242,9.36476017530793,-1.15401305121742,0.034208454,-0.7812967,0.6844745,185.7176,-77.11413,-12.327177,STU
9302002968000,4.320002,-2.6621493687275,9.37715826982821,-1.20623046281247,0.007330383,-0.88178396,0.6404922,185.95808,-77.340004,-12.104243,STU
9302007952000,4.324986,-3.11387583143709,9.36242827085691,-1.27497146633062,-0.004581489,-0.95905846,0.5907067,186.22806,-77.55109,-11.892151,STU
9302012953000,4.329987,-3.55552297759158,9.3200425101325,-1.36982676149649,-0.019547688,-1.0112875,0.5360342,186.49574,-77.70033,-11.74041,STU
9302018127000,4.335161,-4.004489266212,9.25728305962588,-1.48568887342167,-0.025045475,-1.0403035,0.46670106,186.77808,-77.83037,-11.607659,STU
9302022974000,4.340008,-4.38167134933201,9.18747705838694,-1.60831020385948,-0.008246681,-1.0338894,0.43951756,187.02393,-77.89176,-11.547112,STU
9302028994000,4.346028,-4.8095709238001,9.09048684562098,-1.77376488471054,-0.00030543262,-0.9651671,0.35216382,187.25914,-77.916534,-11.524298,STU
9302032951000,4.349985,-5.08075581601284,9.01093717929166,-1.89619721004314,0.047647487,-0.9098838,0.32406402,187.4531,-77.88796,-11.563015,STU
9302037947000,4.354981,-5.41678476097121,8.90052743393198,-2.05941132201264,0.076052725,-0.7641924,0.28191432,187.59895,-77.83144,-11.632468,STU
9302043020000,4.360054,-5.83272621940397,8.77989585907681,-2.14796250784996,0.12767084,-0.56199604,0.25534168,187.67781,-77.7251,-11.7659445,STU
9302048047000,4.365081,-6.30795168186519,8.65316933374072,-2.17059227827395,0.22204952,-0.32467487,0.26358834,187.70076,-77.6227,-11.902668,STU
9302052981000,4.370015,-6.57539364972083,8.5285419174258,-2.06346841351748,0.36102137,-0.077579886,0.29565877,187.63087,-77.47427,-12.098792,STU
9302057959000,4.374993,-6.56605423126653,8.40245891497698,-1.77394468604173,0.49632803,0.10995574,0.3481932,187.50671,-77.33857,-12.286898,STU
9302062927000,4.379961,-6.47119768878282,8.261321855179,-1.45473109807733,0.6401868,0.21074851,0.3998113,187.28807,-77.132515,-12.552072,STU
9302068061000,4.385095,-6.21773370167064,8.08765199093079,-1.0698412984821,0.77946407,0.2415972,0.45906523,187.0343,-76.94739,-12.797557,STU
9302073010000,4.390044,-5.96305661392446,7.93982711896607,-0.748299914492638,0.8912524,0.19303341,0.46609017,186.77147,-76.7496,-13.044817,STU
9302078011000,4.395045,-5.67943572055058,7.84017667109475,-0.548998722596031,0.979217,0.13225232,0.4111123,186.50471,-76.55259,-13.289351,STU
9302082959000,4.399993,-5.3988206074904,7.74158230675416,-0.351809700899488,1.0311406,0.07452556,0.34666604,186.26326,-76.37994,-13.495804,STU
9302087972000,4.405006,-5.00110545802292,7.73308408863419,-0.100881190463228,1.0522153,0.05100725,0.28619036,186.03131,-76.19262,-13.713401,STU
9302093252000,4.410286,-4.54712636805158,7.75240233276027,0.17923354604107,1.0488557,0.060170226,0.23945917,185.80789,-75.99013,-13.94156,STU
9302098040000,4.415074,-4.12197688104412,7.83357467079257,0.444879852019365,1.0143417,0.090713486,0.20525073,185.60391,-75.823456,-14.125238,STU
9302103059000,4.420093,-3.67096832862847,7.94392774142543,0.727959663379916,0.93951076,0.084910266,0.19608775,185.40878,-75.649445,-14.3122425,STU
9302108735000,4.425769,-3.23334282328013,8.08506583496686,1.03662027343228,0.838718,0.04337143,0.19120082,185.2435,-75.539986,-14.428391,STU
9302112977000,4.430011,-2.92618238693176,8.1950367053113,1.26414655015028,0.7156286,-0.040317107,0.20555615,185.09407,-75.43191,-14.540446,STU
9302118064000,4.435098,-2.57829641469452,8.33266973274151,1.51589700570235,0.6072,-0.08002335,0.20189096,184.98071,-75.39302,-14.57868,STU
9302122965000,4.439999,-2.25967137424543,8.4699238372846,1.74138554075196,0.49021935,-0.21991149,0.20555615,184.92413,-75.35769,-14.61025,STU
9302127964000,4.444998,-2.02595918740372,8.60128061226479,1.88400447616262,0.43249258,-0.37965274,0.19364429,184.931,-75.37803,-14.584485,STU
9302132965000,4.449999,-1.84852349287316,8.72735339904455,1.97272227467096,0.32986724,-0.5739079,0.18020524,184.99088,-75.395,-14.55737,STU
9302137961000,4.454995,-1.71895711330869,8.81622072828096,1.98739097338262,0.2443461,-0.77213365,0.18020524,185.14374,-75.45905,-14.479986,STU
9302143209000,4.460243,-1.62116730371632,8.8797838671077,1.94338558204105,0.17562376,-0.9755518,0.16432275,185.3549,-75.51174,-14.408793,STU
9302147983000,4.465017,-1.57565832285714,8.90417256428571,1.83238517428571,0.10567969,-1.1517864,0.16187929,185.63347,-75.599144,-14.297229,STU
9302152977000,4.470011,-1.56689888344322,8.89979275311355,1.65281648336996,0.061391957,-1.2953397,0.17501289,185.95952,-75.68382,-14.18255,STU
9302157968000,4.475002,-1.60028910623371,8.86903715563432,1.45047735736475,0.019547688,-1.3988814,0.183565,186.33356,-75.78168,-14.048166,STU
9302162951000,4.479985,-1.71967925136037,8.78446952142187,1.20174800089649,-0.005497787,-1.4947872,0.1908954,186.74286,-75.88028,-13.906633,STU
9302168271000,4.485305,-1.87403894564846,8.70205723890785,0.936149253583618,-0.009773844,-1.5528195,0.18906279,187.1648,-75.983574,-13.758606,STU
9302172988000,4.490022,-2.04106381040956,8.63781695790671,0.700601377701934,-0.009162978,-1.5925257,0.20158553,187.60313,-76.091255,-13.6010275,STU
9302177964000,4.494998,-2.24100704993697,8.57837275252101,0.442561164363655,-0.011911872,-1.6157386,0.20708331,188.02086,-76.185715,-13.457908,STU
9302182952000,4.499986,-2.49691298426471,8.53823087941177,0.161566372292647,-0.005497787,-1.6102408,0.21410827,188.43492,-76.28516,-13.308563,STU
9302187928000,4.504962,-2.72946237296703,8.513782,-0.115633098496615,0.02107485,-1.5683966,0.21685717,188.81944,-76.36077,-13.193365,STU
9302193447000,4.510481,-2.94784980945055,8.513782,-0.417658213444923,0.058643065,-1.5201381,0.21655174,189.19365,-76.44043,-13.075442,STU
9302198027000,4.515061,-3.14059701517675,8.50893333378654,-0.69294640628654,0.09743301,-1.432479,0.23884831,189.52957,-76.48937,-13.004512,STU
9302203008000,4.520042,-3.42434483556254,8.47245114887831,-1.15099658012831,0.1563815,-1.3151928,0.25900686,189.83702,-76.54401,-12.934187,STU
9302207953000,4.524987,-3.70604187868797,8.43623263766145,-1.60573621266145,0.19394971,-1.1685852,0.2761111,190.09505,-76.57354,-12.905119,STU
9302212960000,4.529994,-3.82010801161326,8.3907822473295,-1.81797921228887,0.2519819,-1.0882565,0.28191432,190.33409,-76.61264,-12.873626,STU
9302218707000,4.535741,-3.89045689537113,8.33550810188989,-1.9737516131836,0.2959642,-0.8481864,0.269697,190.48022,-76.65361,-12.847592,STU
9302222989000,4.540023,-3.90998017465539,8.35924686595684,-2.02698724793231,0.33964106,-0.76174897,0.26053402,190.62413,-76.65341,-12.88543,STU
9302228003000,4.545037,-3.91454506439776,8.42315570367906,-2.05437658638654,0.35369098,-0.6001751,0.23823744,190.67468,-76.64538,-12.935433,STU
9302232960000,4.549994,-3.89215185243742,8.53060744268775,-2.05373291146245,0.39095375,-0.43890667,0.22143865,190.69734,-76.62659,-13.003191,STU
9302237953000,4.554987,-3.83965189371981,8.68810731884058,-2.02223293623188,0.42394048,-0.30482176,0.21533,190.6802,-76.60212,-13.075344,STU
9302243028000,4.560062,-3.73995132608696,8.87790826086957,-1.9736549326087,0.46486846,-0.19456059,0.204029,190.6283,-76.57133,-13.155837,STU
9302248003000,4.565037,-3.61809808243164,9.07943442160142,-1.91741497023411,0.5122105,-0.05375614,0.20922135,190.52837,-76.54144,-13.234283,STU
9302253016000,4.57005,-3.47874972418148,9.23715144253376,-1.87577663508209,0.5589417,0.11453723,0.21930063,190.40317,-76.5192,-13.301805,STU
9302257965000,4.574999,-3.33140097823764,9.36608171543768,-1.84354413897795,0.5891795,0.29901853,0.23915374,190.23308,-76.497734,-13.365273,STU
9302262952000,4.579986,-3.18855994165834,9.47411206793207,-1.7121435977023,0.6151413,0.47983465,0.26175576,190.03612,-76.505264,-13.395782,STU
9302268057000,4.585091,-3.04692179315684,9.56690934015984,-1.49724421128871,0.62888575,0.64721173,0.27030787,189.79175,-76.50879,-13.425071,STU
9302272981000,4.590015,-2.93230115802433,9.67445251498072,-1.26730891972115,0.6441574,0.7788532,0.2742785,189.5324,-76.54212,-13.418538,STU
9302278033000,4.595067,-2.83183414764165,9.79884021833284,-1.01374945435182,0.61544675,0.8888089,0.27366763,189.23453,-76.568695,-13.411505,STU
9302283001000,4.600035,-2.74320144273259,9.92129174120678,-0.741028333175468,0.5861252,0.98563105,0.27397305,188.92892,-76.615364,-13.376819,STU
9302287952000,4.604986,-2.66333910986823,10.043434230754,-0.449765491598137,0.5183192,1.039998,0.28099802,188.60883,-76.65689,-13.341483,STU
9302293144000,4.610178,-2.61227167650103,10.1412060043715,-0.134565713978053,0.4541783,1.0491611,0.28191432,188.29105,-76.714676,-13.285319,STU
9302298006000,4.61504,-2.59150158032831,10.2076703988759,0.168677907022928,0.3640757,1.0009027,0.28313604,187.98042,-103.2306,-13.229667,STU
9302302974000,4.620008,-2.5989937150092,10.2738845096851,0.446876538039173,0.28527406,0.90285885,0.28893927,187.70775,-103.16046,-13.158157,STU
9302307960000,4.624994,-2.68166867393139,10.3358909042311,0.643229556037225,0.20341812,0.7742717,0.28924468,187.46417,-103.095406,-13.0919485,STU
9302312956000,4.62999,-2.79499547311644,10.4102734429224,0.775863441609589,0.13041973,0.7089091,0.28893927,187.26167,-103.03049,-13.027791,STU
9302318017000,4.635051,-2.95176095916096,10.5024884063927,0.821970971489726,0.04886922,0.5696318,0.29565877,187.12262,-102.96751,-12.966071,STU
9302323000000,4.640034,-3.13200027622064,10.5816978070364,0.830776084085372,0.02076942,0.42363504,0.31948254,187.01413,-102.92094,-12.920613,STU
9302327977000,4.645011,-3.36425718812981,10.6374396249878,0.765744140990157,-0.048563786,0.27091873,0.3399465,186.94983,-77.1227,-12.877209,STU
9302332949000,4.649983,-3.58528563352724,10.684439179025,0.679414995541172,-0.09712757,0.11148291,0.35246924,186.91164,-77.144356,-12.8541,STU
9302337956000,4.65499,-3.77779705047112,10.7080116673494,0.534049195223269,-0.13408493,-0.03940081,0.364992,186.91522,-77.16825,-12.826458,STU
9302344281000,4.661315,-4.02557783331651,10.7391956777352,0.345041486256056,-0.14446963,-0.23457226,0.38148534,186.9501,-77.15678,-12.832139,STU
9302347970000,4.665004,-4.20386231096084,10.7677213877675,0.195282574554098,-0.14508049,-0.28771752,0.38789943,186.98538,-77.14432,-12.836645,STU
9302353006000,4.67004,-4.44724551221235,10.8066629642713,-0.00915924689644731,-0.13622294,-0.3717115,0.39675698,187.0538,-77.10293,-12.869198,STU
9302357960000,4.674994,-4.68364546221298,10.8195493073585,-0.195999891066896,-0.12034045,-0.4251622,0.40286562,187.12616,-77.0633,-12.89882,STU
9302362922000,4.679956,-4.91991439811969,10.8281406277346,-0.38071920152486,-0.08979719,-0.42913285,0.41263947,187.20558,-77.028595,-12.922881,STU
9302368048000,4.685082,-5.1572675313844,10.831368,-0.583228581227827,-0.05375614,-0.4034765,0.4175264,187.25842,-76.96346,-12.980138,STU
9302372981000,4.690015,-5.38198599316222,10.831368,-0.784538914307799,-0.004581489,-0.34025195,0.42485678,187.29929,-76.90514,-13.031765,STU
9302377976000,4.69501,-5.61202031452198,10.8373541079064,-0.948709414501815,0.048258353,-0.25167647,0.41599923,187.29431,-76.80846,-13.126014,STU
9302382955000,4.699989,-5.8428372343687,10.8469716720452,-1.0881612826543,0.109650314,-0.14813483,0.40286562,187.26585,-76.71712,-13.217123,STU
9302387959000,4.704993,-6.01831672685363,10.8621700946984,-1.14255203887822,0.19028452,-0.03756821,0.39064834,187.17632,-76.59803,-13.341245,STU
9302393036000,4.71007,-6.1630791022282,10.8808489881867,-1.14722178663081,0.24923302,0.052839845,0.37293324,187.06363,-76.477486,-13.468002,STU
9302398086000,4.71512,-6.22227856714299,10.8676604055817,-0.977220961849046,0.30940324,0.12705997,0.34238997,186.89752,-76.32124,-13.634108,STU
9302402970000,4.720004,-6.2177928939484,10.8317744579457,-0.685645927649372,0.3753767,0.16371189,0.31306845,186.71864,-76.164375,-13.801102,STU
9302407960000,4.724994,-6.1383163300178,10.8565664346142,-0.405341300278505,0.4166101,0.18509217,0.26511553,186.50337,-75.977005,-13.997671,STU
9302413006000,4.73004,-5.97134819997906,10.9526993122186,-0.142240303201759,0.44440445,0.1908954,0.20891592,186.2854,-75.78281,-14.200168,STU
9302418299000,4.735333,-5.75367721360863,11.1482120197091,0.100101221445331,0.45631635,0.18203785,0.13775012,186.05807,-75.57367,-14.414602,STU
9302423035000,4.740069,-5.53232577447208,11.3823339906147,0.295912085978414,0.44776422,0.14721853,0.10170906,185.84018,-75.3628,-14.62963,STU
9302427991000,4.745025,-5.24759788355896,11.6584388240141,0.492708569775358,0.4447099,0.109650314,0.042455133,185.63959,-75.15965,-14.835155,STU
9302434087000,4.751121,-4.81235221434177,12.0478688134197,0.721785348256818,0.42149702,0.08399397,0.0030543262,185.44862,-74.95631,-15.0401535,STU
9302437982000,4.755016,-4.49473363855193,12.2588405602729,0.874515307708491,0.3539964,0.042455133,-0.02076942,185.29651,-74.797485,-15.199613,STU
9302443114000,4.760148,-4.02430461755118,12.4870686542835,1.08411234007771,0.28771752,-0.015271631,-0.029626964,185.15947,-74.63584,-15.361654,STU
9302448010000,4.765044,-3.60558334761294,12.6731087024992,1.2706821069529,0.19028452,-0.08368854,-0.030543262,185.07892,-74.54326,-15.453785,STU
9302452993000,4.770027,-3.25390496932073,12.7839636881608,1.42740831385774,0.08277224,-0.18478674,-0.02443461,185.02707,-74.45235,-15.543613,STU
9302458005000,4.775039,-2.90017989767703,12.8954638262576,1.58504663394745,-0.048258353,-0.31306845,-0.020158553,185.06227,-74.43999,-15.553355,STU
9302462991000,4.780025,-2.53706721794161,12.9642348360126,1.7156675509054,-0.17348573,-0.44348818,-0.02321288,185.12814,-74.42654,-15.562302,STU
9302468144000,4.785178,-2.15864973133777,13.0235052856615,1.8433264609017,-0.3136793,-0.57360244,-0.022296581,185.2312,-74.413635,-15.567321,STU
9302472998000,4.790032,-1.8574827761194,13.0728538692466,1.87865551145768,-0.43799037,-0.67347896,-0.026267206,185.4077,-74.463524,-15.504645,STU
9302477959000,4.794993,-1.58148087313433,13.1195614913755,1.86591697232103,-0.5821546,-0.7504479,-0.04184427,185.61307,-74.50417,-15.444173,STU
9302482964000,4.799998,-1.31748077667555,13.1662484037826,1.81754934489078,-0.70066243,-0.7874053,-0.03848451,185.86761,-74.6019,-15.317938,STU
9302487938000,4.804972,-1.07892498070325,13.2119294395844,1.71096057935003,-0.79290307,-0.786489,-0.03604105,186.1292,-74.68518,-15.196383,STU
9302493073000,4.810107,-0.941146435546358,13.2282573010762,1.6250969252649,-0.87689704,-0.7535023,-0.03573562,186.4114,-74.80614,-15.026563,STU
9302498001000,4.815035,-0.909891792190949,13.2152346803256,1.56519218990066,-0.9505063,-0.72784597,-0.040317107,186.69011,-74.914055,-14.858634,STU
9302503881000,4.820915,-0.872599320005519,13.199696326021,1.49371494884106,-1.0235047,-0.6637051,-0.05100725,186.9589,-75.04381,-14.658749,STU
9302508375000,4.825409,-0.844097216263797,13.1878205838024,1.43908591460265,-1.0928379,-0.5925393,-0.055283304,187.2126,-75.15968,-14.461236,STU
9302512958000,4.829992,-1.20062050977179,12.8626051140189,1.07128088790202,-1.153619,-0.5516113,-0.059253927,187.45139,-75.25795,-14.269722,STU
9302518050000,4.835084,-1.61741621145475,12.4844811534937,0.645891443528064,-1.1869112,-0.44348818,-0.08979719,187.64526,-75.33427,-14.092259,STU
9302522987000,4.840021,-2.07281134540103,12.0341846092715,0.334793610965416,-1.2425,-0.31337386,-0.1328632,187.81964,-75.39942,-13.91524,STU
9302527978000,4.845012,-2.56521003730684,11.5267127615894,0.0835697959845475,-1.3222178,-0.1777618,-0.1908954,187.95802,-75.43697,-13.757104,STU
9302532958000,4.849992,-3.0047488188172,11.0224930752688,-0.0841317279731183,-1.38025,-0.062002823,-0.29138273,187.99799,-75.38412,-13.706263,STU
9302537952000,4.854986,-3.42377888120271,10.5177520211071,-0.217459484000398,-1.4376713,0.025350908,-0.39492437,188.0079,-75.30279,-13.677699,STU
9302543070000,4.860104,-3.76463794148405,10.0953773455453,-0.316558064820205,-1.4761559,0.081855945,-0.4841107,187.9573,-75.10986,-13.766942,STU
9302548065000,4.865099,-4.06009783352229,9.72301719070988,-0.397505955437008,-1.4941764,0.105068825,-0.5702427,187.89313,-74.88699,-13.885617,STU
9302552967000,4.870001,-4.35290551264586,9.38775848847358,-0.471173274403757,-1.4966198,0.10415252,-0.659429,187.78458,-74.55852,-14.112843,STU
9302558007000,4.875041,-4.65969759461152,9.10386127948012,-0.535279105197799,-1.5063937,0.07880162,-0.74220127,187.67769,-74.21016,-14.360265,STU
9302562955000,4.879989,-4.94918452953758,8.84334638528567,-0.583139269654421,-1.5109752,0.043676864,-0.8347474,187.54312,-73.77308,-14.706455,STU
9302568115000,4.885149,-5.20852355439152,8.63783235815427,-0.578246062960689,-1.5152513,0.0018325958,-0.929126,187.41875,-73.319275,-15.071818,STU
9302573719000,4.890753,-5.51299574535004,8.39890027315556,-0.617683730104589,-1.486846,-0.01282817,-1.0201449,187.26813,-72.79258,-15.521826,STU
9302578020000,4.895054,-5.7846709047112,8.189322062659,-0.722472754301329,-1.4660766,-0.0021380284,-1.110553,187.12268,-72.24854,-15.992715,STU
9302583020000,4.900054,-6.10109254288154,7.96965804792525,-0.846783901597508,-1.4413365,0.043676864,-1.1960741,186.94797,-71.64643,-16.534054,STU
9302588030000,4.905064,-6.42407540875113,7.98894048236713,-0.996223649412237,-1.41904,0.17195857,-1.2556335,186.7442,-71.03986,-17.090721,STU
9302593078000,4.910112,-6.76941024156851,8.01897811190329,-1.1422761549287,-1.3747523,0.3921755,-1.3264939,186.47473,-70.35785,-17.746445,STU
9302598008000,4.915042,-7.26213378868568,8.13118273165943,-1.24960212248398,-1.312444,0.7079928,-1.3991868,186.1367,-69.67525,-18.421337,STU
9302603007000,4.920041,-7.73982975325717,8.2747967779114,-1.31113764778513,-1.2739595,1.1291844,-1.4764613,185.67937,-68.93756,-19.176764,STU
9302607950000,4.924984,-8.10039331649629,8.5689404505913,-1.13085601478252,-1.2235631,1.3750577,-1.5546521,185.17949,-68.19971,-19.949583,STU
9302612971000,4.930005,-8.40695086562956,8.88785679484687,-0.837883540420029,-1.2009611,1.9352211,-1.593442,184.42316,-67.39558,-20.830633,STU
9302618008000,4.935042,-8.39757034078755,9.31466234953816,0.0391778330189597,-1.1520919,2.5402832,-1.6594155,183.57939,-66.5835,-21.740393,STU
9302623004000,4.940038,-8.35096266703146,9.76070554172367,0.979061442298222,-1.1129965,3.0473013,-1.7321084,182.58127,-65.73022,-22.70297,STU
9302628023000,4.945057,-7.998710375513,10.3947591367989,2.49609447573187,-1.0968086,3.360675,-1.8023579,181.45912,-64.87553,-23.681961,STU
9302633082000,4.950116,-7.62350934347202,11.0278231750359,4.02737018393113,-1.1071932,3.4327571,-1.8686367,180.31567,-64.02996,-24.620838,STU
9302637952000,4.954986,-7.03020527862267,11.567596181253,5.52624359866093,-1.1426234,3.2113185,-1.8979583,179.17354,-63.191414,-25.548925,STU
9302643468000,4.960502,-6.36129581680008,12.1577954833073,7.15305315311402,-1.2324207,2.6667323,-1.9083431,178.2974,-62.403645,-26.34792,STU
9302648049000,4.965083,-5.84737921169465,12.3633622684498,7.55133832418977,-1.3417655,1.8655825,-1.8790215,177.58307,-61.634426,-27.105322,STU
9302652965000,4.969999,-5.29588084219055,12.5839617698165,7.97874934820383,-1.4666874,0.9804387,-1.8506162,177.27046,-60.966553,-27.66292,STU
9302657950000,4.974984,-4.75184640577349,12.7216491433313,7.23409353221686,-1.5406022,0.10751228,-1.8487836,177.21922,-60.304455,-28.172451,STU
9302662917000,4.979951,-4.21119200291692,12.8508316107423,6.38244372864615,-1.5314392,-0.59742624,-1.831374,177.40253,-59.658665,-28.622849,STU
9302668060000,4.985094,-3.62637074873188,13.0688349412662,5.3960559819508,-1.4602734,-1.0580186,-1.7632625,177.86685,-59.109383,-28.908058,STU
9302672952000,4.989986,-3.06799769148551,13.2832508161709,4.44905531753433,-1.3521502,-1.3414601,-1.6331482,178.49283,-58.58587,-29.129875,STU
9302677963000,4.994997,-2.57470040782911,13.321339,3.72907938165922,-1.2495248,-1.5610662,-1.4694363,179.1913,-58.198765,-29.217443,STU
9302682922000,4.999956,-2.1028536025236,13.321339,3.06849362759066,-1.1252137,-1.7629571,-1.2990049,179.95398,-57.86265,-29.239498,STU
9302687945000,5.004979,-1.77862756648782,13.1401238757147,2.51268656488697,-0.9966267,-1.9068159,-1.1670581,180.67772,-57.70465,-29.123081,STU
9302693354000,5.010388,-1.46879696351482,12.8986376457912,1.94314493694256,-0.9086621,-1.9840903,-1.0833695,181.41968,-57.58894,-28.959213,STU
9302697977000,5.015011,-1.21977045386318,12.6379097899231,1.47919314555919,-0.8723156,-2.010663,-1.0192287,182.11989,-57.60012,-28.69709,STU
9302703009000,5.020043,-0.960709069821861,12.3128129930431,0.991548247268894,-0.87109387,-2.0048597,-0.9779953,182.81549,-57.63249,-28.415447,STU
9302707955000,5.024989,-0.710090215507559,11.9856523693305,0.592583003390929,-0.90102625,-1.9969184,-0.97035944,183.478,-57.707943,-28.11131,STU
9302712935000,5.029969,-0.45992901452021,11.6521045384141,0.23450913600432,-0.9071349,-1.9617938,-0.9505063,184.11551,-57.799732,-27.796507,STU
9302718086000,5.03512,-0.278091195449219,11.2482316703125,-0.0719177008779297,-0.94134337,-1.8891008,-0.93676186,184.7456,-57.881714,-27.495562,STU
9302722988000,5.040022,-0.135971013613281,10.8402091046875,-0.337819984137695,-0.9993755,-1.7733418,-0.91965765,185.34099,-57.966476,-27.19448,STU
9302727972000,5.045006,-0.0674674853859964,10.3696271723519,-0.636917840305206,-1.0519099,-1.5876387,-0.92271197,185.9032,-58.04461,-26.90828,STU
9302732951000,5.049985,-0.0389319256054259,9.87025522381807,-0.950809027688011,-1.1368202,-1.321607,-0.9468411,186.3995,-58.11074,-26.639233,STU
9302737948000,5.054982,-0.0743277367932906,9.35734859220523,-1.20285733764184,-1.208597,-0.97005403,-0.9923506,186.82018,-58.149837,-26.420366,STU
9302743042000,5.060076,-0.146529394158855,8.82786963749383,-1.42427569995067,-1.287704,-0.56291234,-1.0613784,187.14415,-58.166954,-26.241722,STU
9302747974000,5.065008,-0.288496063352997,8.36357230797336,-1.41859750173168,-1.3680327,-0.14294247,-1.1624765,187.3629,-58.122486,-26.157526,STU
9302752974000,5.070008,-0.475293913019981,7.92163586648906,-1.28191619821123,-1.4266758,0.24495697,-1.2990049,187.47726,-58.049187,-26.133467,STU
9302757948000,5.074982,-0.704767046807633,7.54418767455389,-0.997759075529654,-1.4804319,0.52778757,-1.4349225,187.49924,-57.89558,-26.217838,STU
9302762943000,5.079977,-0.976142846498195,7.22347075480144,-0.573426009732852,-1.5192219,0.7134906,-1.5592335,187.44498,-57.71176,-26.35918,STU
9302767998000,5.085032,-1.21354117008689,7.00391948401738,-0.138714086178591,-1.5567901,0.8042041,-1.6899587,187.35286,-57.41901,-26.615093,STU
9302772989000,5.090023,-1.42120423257534,6.86253194651507,0.294285419855796,-1.5628988,0.8167268,-1.781894,187.2352,-57.112167,-26.899231,STU
9302777970000,5.095004,-1.62810373815303,6.76986250802111,0.73097367060686,-1.5549575,0.77182823,-1.8548924,187.13655,-56.701885,-27.262043,STU
9302782952000,5.099986,-1.83456044717678,6.74468487340369,1.1741003553562,-1.5198327,0.63041294,-1.9004018,187.0682,-56.287975,-27.628035,STU
9302787954000,5.104988,-1.99573020930233,6.76781173853821,1.58405477408638,-1.4724907,0.41813725,-1.922393,187.06567,-55.80903,-28.020641,STU
9302793049000,5.110083,-2.11615163455149,6.83728558191742,1.96847699762696,-1.4110987,0.1414153,-1.9150625,187.12527,-55.343624,-28.389814,STU
9302797965000,5.114999,-2.18554171571604,6.88832557310218,2.17336342141978,-1.3322971,-0.12705997,-1.8762726,187.27457,-54.850235,-28.743727,STU
9302802964000,5.119998,-2.19045292039393,6.91779274988716,2.14880739803037,-1.2470814,-0.22479841,-1.8176296,187.44855,-54.3855,-29.071281,STU
9302807950000,5.124984,-2.18221873080335,6.90969387046821,1.97040278930508,-1.1505647,-0.32162055,-1.7931949,187.73692,-53.915302,-29.354443,STU
9302812939000,5.129973,-2.15867084751109,6.85788857640217,1.61247461902415,-1.105666,-0.31429017,-1.743104,188.00563,-53.483273,-29.607685,STU
9302818052000,5.135086,-2.14102448749396,6.76555854693385,1.21549601559633,-1.0024298,-0.24129178,-1.7095064,188.30515,-53.07306,-29.85558,STU
9302823016000,5.14005,-2.13184259754708,6.62783005391598,0.793128838348624,-0.904386,-0.106595986,-1.6847663,188.57114,-52.69086,-30.092646,STU
9302827964000,5.144998,-2.14654109767442,6.48631927286822,0.502819497984496,-0.7901542,0.05375614,-1.6771306,188.80196,-52.332947,-30.355879,STU
9302832954000,5.149988,-2.20281219805711,6.33626300518104,0.43716982211363,-0.6948592,0.16982053,-1.6847663,188.9998,-51.9991,-30.619774,STU
9302837922000,5.154956,-2.27035998915149,6.19042060092987,0.46170895149167,-0.6243043,0.19058995,-1.6966782,189.15935,-51.675186,-30.925997,STU
9302843012000,5.160046,-2.36479230782642,6.04877207361488,0.683624826423867,-0.5714644,0.124005646,-1.7055358,189.308,-51.369663,-31.22961,STU
9302847999000,5.165033,-2.43379830096667,5.92398934026785,0.844048314429564,-0.56413406,0.035124753,-1.7171422,189.46088,-51.04054,-31.560844,STU
9302853014000,5.170048,-2.43863438499648,5.83693891875944,0.848884448957809,-0.57787853,-0.04550946,-1.700038,189.62625,-50.728012,-31.872814,STU
9302857955000,5.174989,-2.43715755508643,5.76742238906206,0.833855195466138,-0.57910025,-0.09285152,-1.6765196,189.83678,-50.37889,-32.19372,STU
9302862950000,5.179984,-2.41908407208841,5.74031218815528,0.76607941011618,-0.5647449,-0.12980886,-1.6331482,190.06076,-50.046684,-32.489033,STU
9302868031000,5.185065,-2.41637909226137,5.6881739101066,0.666903137234926,-0.50671273,-0.13713925,-1.5873333,190.29832,-49.716,-32.779648,STU
9302873052000,5.190086,-2.49072347727236,5.5160079508178,0.420392907336643,-0.45173484,-0.121256754,-1.5482379,190.5317,-49.403522,-33.05186,STU
9302877953000,5.194987,-2.56329105961429,5.34795669280657,0.179774178650826,-0.38026363,-0.07666359,-1.5143349,190.75899,-49.112568,-33.315594,STU
9302882956000,5.19999,-2.585738,5.26484115604024,0.126646459968597,-0.31673363,-0.015577064,-1.4816537,190.96776,-48.844826,-33.566853,STU
9302887941000,5.204975,-2.585738,5.22033334914622,0.157099105837095,-0.2489276,0.060170226,-1.4272866,191.14706,-48.608482,-33.80465,STU
9302893024000,5.210058,-2.585738,5.17495056430324,0.188150419568204,-0.19822577,0.113926366,-1.3726143,191.27461,-48.357765,-34.10057,STU
9302898030000,5.215064,-2.585738,5.13025526213445,0.218731351407262,-0.160963,0.14049901,-1.3161092,191.37627,-48.133785,-34.381832,STU
9302902980000,5.220014,-2.53777219523302,5.12360774091927,0.399322296433827,-0.13469578,0.13103059,-1.248914,191.47043,-47.93073,-34.644405,STU
9302907961000,5.224995,-2.46146504941879,5.13886913821052,0.668940495851552,-0.12034045,0.11301007,-1.2067643,191.55237,-47.74324,-34.89535,STU
9302912949000,5.229983,-2.36088370665212,5.12244443983678,0.899818157354337,-0.10140363,0.053145275,-1.1264355,191.65108,-47.570435,-35.116806,STU
9302918042000,5.235076,-2.24980077565003,5.09467362250902,1.12198411601822,-0.08368854,-0.041233405,-1.0296134,191.756,-47.417847,-35.311363,STU
9302923046000,5.24008,-2.14082222797866,5.05423187676349,1.23746881908714,-0.053450707,-0.14294247,-0.93126404,191.9248,-47.289356,-35.438725,STU
9302927998000,5.245032,-2.0330608959099,5.00737931300138,1.29837739170124,-0.011301007,-0.22571471,-0.8237518,192.09958,-47.195103,-35.525322,STU
9302932955000,5.249989,-2.00136896049856,4.94255049750719,1.38422046999041,0.04428773,-0.27000242,-0.70341134,192.33842,-47.132927,-35.535923,STU
9302937945000,5.254979,-2.0166416457015,4.86618707149249,1.48603837134335,0.099571034,-0.29168814,-0.57543504,192.57544,-47.10861,-35.507084,STU
9302943054000,5.260088,-2.12410191891493,4.7353376955002,1.59157357780622,0.1518,-0.2843578,-0.44440445,192.82994,-47.123806,-35.42658,STU
9302947987000,5.265021,-2.25900038001182,4.59113570131942,1.69391040169358,0.17012598,-0.27305678,-0.3286455,193.0692,-47.171913,-35.314342,STU
9302952985000,5.270019,-2.46340641211073,4.44124572719723,1.70362444816609,0.18997909,-0.25289822,-0.20433442,193.31113,-47.237602,-35.1753,STU
9302957961000,5.274995,-2.69425714626792,4.2904862588433,1.67535702940188,0.20708331,-0.24098633,-0.08155051,193.53091,-47.334373,-35.0084,STU
9302962954000,5.279988,-2.94301473587116,4.185148763592,1.61217525622255,0.23090707,-0.19822577,0.047036625,193.73244,-47.410355,-34.863422,STU
9302968091000,5.285125,-3.2071224218448,4.09871333584187,1.53054193317716,0.26419923,-0.16737708,0.18417588,193.90997,-47.522438,-34.68678,STU
9302972978000,5.290012,-3.3885227961634,4.06710720687804,1.38517306868105,0.29657507,-0.15485434,0.32375857,194.03879,-47.609013,-34.55737,STU
9302977993000,5.295027,-3.53650602029619,4.06233361076434,1.19900077656297,0.32528573,-0.14477506,0.4978552,194.1306,-47.7407,-34.389496,STU
9302982961000,5.299995,-3.60614439774833,4.04869256180134,0.877752458505529,0.3555236,-0.10293079,0.6753115,194.15456,-47.859806,-34.267895,STU
9302987953000,5.304987,-3.6299599729202,4.02964010166384,0.472887392115174,0.376293,0.013439035,0.84635377,194.12714,-48.02013,-34.116066,STU
9302993022000,5.310056,-3.58718318862587,4.05403859546767,0.0589067528233256,0.38148534,0.17898351,0.9975429,194.00803,-48.205097,-33.984753,STU
9302998019000,5.315053,-3.5042929026174,4.10469366339492,-0.350939483949192,0.38545597,0.34697145,1.1407908,193.83154,-48.428516,-33.82847,STU
9303003046000,5.32008,-3.41590099122435,4.19993938696795,-0.723838534496007,0.4175264,0.42821655,1.294118,193.54942,-48.711998,-33.672955,STU
9303007954000,5.324988,-3.32561115852795,4.32824604878172,-1.05648516901223,0.43096542,0.5635232,1.3741413,193.19603,-49.005196,-33.52773,STU
9303013024000,5.330058,-3.38295209592549,4.44981472281723,-1.37637707159488,0.4718934,0.66859204,1.5418239,192.75822,-49.40504,-33.326744,STU
9303018006000,5.33504,-3.55421052083818,4.56090114330617,-1.67260771955763,0.52106804,0.7263188,1.6875153,192.2965,-49.81677,-33.120636,STU
9303023016000,5.34005,-3.93902298450607,4.6136220357742,-1.93712912445475,0.6075055,0.8304713,1.8099937,191.75237,-50.321175,-32.875885,STU
9303028022000,5.345056,-4.5304260344814,4.60889086433435,-2.16895904455739,0.6814202,0.9819659,1.8777997,191.17863,-50.846375,-32.61742,STU
9303033010000,5.350044,-5.34031259572306,4.70586179986918,-2.43913945610345,0.786489,1.2067643,1.9077321,190.51207,-51.404587,-32.389267,STU
9303038011000,5.355045,-6.39101268063802,4.91310999376069,-2.75242168339539,0.9450085,1.5851953,1.8713857,189.76846,-51.97315,-32.188396,STU
9303043086000,5.36012,-7.47148257276636,5.43848952274766,-2.74325217564486,1.1496484,2.2165246,1.7956384,188.8146,-52.463425,-32.161938,STU
9303048027000,5.365061,-8.53726536974767,6.25662182660748,-2.41599926333645,1.3921618,3.2159002,1.6673567,187.65285,-52.94616,-32.217556,STU
9303053023000,5.370057,-9.60076454137377,7.48472652495481,-1.91246661124724,1.5415184,4.4361033,1.4886786,186.13391,-53.25928,-32.553303,STU
9303057956000,5.37499,-10.6255043890339,9.41560145430809,-1.10595866109661,1.5314392,5.309946,1.2770138,184.43658,-53.521687,-32.949013,STU
9303062919000,5.379953,-11.4462059304729,11.4267844618235,-0.286659831730863,1.5063937,5.4605246,1.0910053,182.57391,-53.63747,-33.47923,STU
9303068035000,5.385069,-11.8809731390541,13.634065076353,0.573319663461726,1.5604553,5.0549097,0.9822713,180.64006,-53.702843,-34.010227,STU
9303073010000,5.390044,-12.2795767183443,15.4345683007526,1.43250921327375,1.6007724,4.5222354,0.9737192,178.80225,-53.76436,-34.43781,STU
9303078040000,5.395074,-12.6285129761054,16.4813775472248,2.35243228542803,1.4853189,4.0888267,0.99296147,177.1041,-53.78644,-34.81114,STU
9303082958000,5.399992,-12.996369764137,17.4135839570569,3.21088138645072,1.2205088,3.765068,1.006095,175.73601,-53.9634,-34.91627,STU
9303088011000,5.405045,-13.5024551888015,17.933104375752,3.89611181855622,0.9288206,3.4437528,1.0219775,174.54388,-54.12845,-34.967766,STU
9303093419000,5.410453,-13.9429361459907,18.2238272514335,4.61463231184127,0.7733554,2.9382617,1.0259482,173.70216,-54.321888,-34.904716,STU
9303098371000,5.415405,-13.4810806793483,16.2210154829799,5.14555026258305,0.79290307,2.1044307,1.0235047,173.09836,-54.503723,-34.8116,STU
9303102936000,5.41997,-13.0553193293438,14.3747239395649,5.63497684681897,0.9242391,1.5876387,1.0186177,172.64085,-54.656487,-34.713123,STU
9303108019000,5.425053,-12.1781030679809,12.760075607611,5.02408864987298,0.9783007,0.50976706,1.0277808,172.66193,-54.80803,-34.56435,STU
9303112920000,5.429954,-11.2432954616401,11.3006311657352,4.179899990692,1.0503827,-0.2657264,1.0699304,172.75139,-54.974,-34.40315,STU
9303118023000,5.435057,-10.2640990274336,10.1746453353982,3.60015327530973,1.065349,-0.57726765,1.10139,173.1419,-54.956833,-34.37283,STU
9303122950000,5.439984,-9.31761651386431,9.15856858348083,3.09443480418879,1.0198395,-0.54550266,1.1123856,173.65758,-54.95715,-34.312206,STU
9303128028000,5.445062,-8.40202490836061,8.39455396161857,2.84833499776852,0.9370673,-0.38056904,1.1383474,174.11935,-54.98664,-34.23498,STU
9303132925000,5.449959,-7.53225884528414,7.72013609104433,2.67159108281265,0.8472701,-0.28619036,1.1820242,174.57785,-55.02558,-34.14419,STU
9303137948000,5.454982,-6.79102406546763,7.26566147302158,2.51122479622302,0.7779369,-0.31703907,1.2470814,174.97227,-55.113766,-34.013687,STU
9303142999000,5.460033,-6.08585952093904,6.87186851060204,2.3555390051685,0.7244862,-0.41233405,1.3252722,175.34389,-55.212894,-33.86865,STU
9303147981000,5.465015,-5.40578458891464,6.64208935070039,2.18185090868689,0.7174612,-0.5271767,1.393689,175.72858,-55.365364,-33.665466,STU
9303152990000,5.470024,-4.72899004312204,6.48255903577547,1.998149632208,0.7098254,-0.64599,1.4773777,176.13257,-55.537945,-33.433575,STU
9303157948000,5.474982,-4.05140808634207,6.42873027872911,1.72381142550031,0.7131852,-0.7696902,1.5509869,176.56258,-55.77674,-33.131996,STU
9303162952000,5.479986,-3.36426091242005,6.41884332659377,1.40742709886528,0.729984,-0.89888823,1.6151277,177.02153,-56.032875,-32.806683,STU
9303168926000,5.48596,-2.71557491048052,6.51578519052798,1.00611391073759,0.7501425,-0.9923506,1.6798794,177.48927,-56.380066,-32.393852,STU
9303172985000,5.490019,-2.30432994511568,6.60034033290488,0.729388274807198,0.7816021,-1.0732902,1.7519615,177.98454,-56.744907,-31.958813,STU
9303177980000,5.495014,-1.87365485292479,6.79318770911261,0.50033762068842,0.799928,-1.1187997,1.7971655,178.44107,-57.224537,-31.4251,STU
9303182977000,5.500011,-1.46898902381616,7.01694389410068,0.309906668309789,0.8173377,-1.1462886,1.8353447,178.912,-57.71951,-30.874586,STU
9303187944000,5.504978,-1.2121643355012,7.26996748378729,0.216820531033908,0.81245077,-1.1646146,1.8683313,179.36215,-58.31672,-30.239004,STU
9303193574000,5.510608,-0.982388382703354,7.56967553177691,0.151883863802112,0.81092364,-1.1490375,1.8869628,179.80957,-58.91718,-29.602135,STU
9303198041000,5.515075,-0.92227969858804,7.81752498743771,0.119544044921096,0.7867944,-1.1426234,1.8729129,180.2561,-59.593452,-28.896029,STU
9303202993000,5.520027,-0.927203319186046,8.09817105305233,0.0949259213662791,0.75961095,-1.0827587,1.8466456,180.68324,-60.26568,-28.1973,STU
9303207953000,5.524987,-1.03869245226413,8.39214678595523,0.0328879070467137,0.7467828,-0.9737192,1.7623463,181.10612,-60.967815,-27.47693,STU
9303212944000,5.529978,-1.209695677834,8.69506727384238,-0.0501707987259532,0.72601336,-0.8445212,1.6328428,181.51187,-61.641373,-26.787107,STU
9303218903000,5.535937,-1.4536197644685,9.07161180610236,-0.191950877309055,0.72234815,-0.5873469,1.3836098,181.84497,-62.28377,-26.14926,STU
9303223008000,5.540042,-1.63161074630906,9.33472897293307,-0.300293215451772,0.7464773,-0.49877146,1.2962561,182.19376,-62.928974,-25.507202,STU
9303227996000,5.54503,-1.85336864244442,9.63479865194398,-0.406722138862012,0.7672467,-0.35613444,1.1472049,182.43225,-63.500706,-24.967396,STU
9303232961000,5.549995,-2.07688690333954,9.92350919596513,-0.499854744326707,0.81061816,-0.25778514,1.0354166,182.66457,-64.055824,-24.45034,STU
9303237958000,5.554992,-2.29924739074058,10.1532240579157,-0.575211489436807,0.8405506,-0.19700404,0.9660834,182.84236,-64.588036,-23.97561,STU
9303243851000,5.560885,-2.55952925794235,10.3784683684257,-0.65029280431929,0.8356637,-0.14874569,0.91996306,183.0026,-65.088585,-23.535982,STU
9303247986000,5.56502,-2.76823969771073,10.5240449959911,-0.707337968469248,0.82741696,-0.10629055,0.91232723,183.12503,-65.57611,-23.120628,STU
9303252973000,5.570007,-3.0604701638886,10.6802371625699,-0.782914803918135,0.79351395,-0.064751714,0.91721416,183.23892,-66.04256,-22.722878,STU
9303257954000,5.574988,-3.31374222342447,10.7685946501842,-0.830001044529765,0.75777835,-0.017715093,0.93859446,183.31242,-66.493004,-22.346243,STU
9303262949000,5.579983,-3.52245147473337,10.7778703177235,-0.843915001074268,0.7254025,0.027183503,0.9816604,183.37735,-66.938515,-21.969746,STU
9303268040000,5.585074,-3.70984686512785,10.7460458135509,-0.854306233031539,0.6768387,0.04550946,1.0329732,183.41423,-67.35829,-21.618914,STU
9303273012000,5.590046,-3.85670711107353,10.6560348546413,-0.859043657128644,0.6563747,0.047647487,1.0958922,183.44513,-67.78309,-21.25983,STU
9303278126000,5.59516,-3.99385997015461,10.5312105394514,-0.873966482049875,0.63529986,0.05497787,1.1322387,183.44904,-68.175995,-20.927765,STU
9303282956000,5.59999,-4.10459758491771,10.3697179838404,-0.901650861650873,0.6270532,0.054061573,1.1685852,183.4575,-68.57639,-20.583984,STU
9303287940000,5.604974,-4.19138054185752,10.1815756538349,-0.922905134163337,0.6178902,0.063224554,1.185384,183.44727,-68.94765,-20.266962,STU
9303294063000,5.611097,-4.24281290644187,9.90726931156807,-0.934334575036546,0.61819565,0.069027774,1.1948525,183.44211,-69.31828,-19.947699,STU
9303298026000,5.61506,-4.25686684411277,9.74409113598673,-0.940131124295191,0.6215554,0.080634214,1.1933253,183.4156,-69.66027,-19.655825,STU
9303302965000,5.619999,-4.24302453897181,9.56413876012096,-0.944745290249732,0.61117065,0.08124508,1.2000448,183.39464,-69.99805,-19.364485,STU
9303307926000,5.62496,-4.22917389422855,9.39666245979223,-0.939295324615237,0.60994893,0.04550946,1.1963795,183.36937,-70.31052,-19.097383,STU
9303312953000,5.629987,-4.21528117335514,9.26236670604078,-0.906879177390342,0.61117065,-0.0036651916,1.1899655,183.352,-70.61588,-18.834248,STU
9303318101000,5.635135,-4.20826319380302,9.14632623506086,-0.874999005071929,0.6053675,-0.06627888,1.1835514,183.34315,-70.90719,-18.581602,STU
9303323065000,5.640099,-4.22579887628181,9.10687104103652,-0.848695463043158,0.60048056,-0.15302174,1.1688906,183.36018,-71.18757,-18.336597,STU
9303328162000,5.645196,-4.2478994412517,9.06520560240264,-0.822597764458438,0.5867361,-0.23732115,1.1557571,183.38728,-71.45525,-18.098946,STU
9303332957000,5.649991,-4.31908057053866,9.01181953478008,-0.809251298652393,0.57635134,-0.2996294,1.1426234,183.43661,-71.71265,-17.868906,STU
9303338322000,5.655356,-4.39929969797268,8.95059978228294,-0.792680197501102,0.56596667,-0.35216382,1.1093313,183.50575,-71.94921,-17.65581,STU
9303343009000,5.660043,-4.48238609946232,8.86355709008374,-0.741245703989423,0.57757306,-0.38820487,1.071763,183.59041,-72.17628,-17.451134,STU
9303348180000,5.665214,-4.57405236404584,8.76752599100926,-0.68449986103041,0.5934556,-0.4251622,1.0189233,183.67941,-72.372086,-17.275755,STU
9303352978000,5.670012,-4.6870814654082,8.57608375383288,-0.473838134952089,0.64599,-0.47311515,0.9492846,183.78412,-72.5508,-17.118698,STU
9303357965000,5.674999,-4.81522146512074,8.33810933211959,-0.194676407098505,0.6939429,-0.54825157,0.8970556,183.90887,-72.71599,-16.97388,STU
9303362956000,5.67999,-4.84517832395308,8.14359765091121,0.0215097548293912,0.7779369,-0.63071835,0.8396343,184.03778,-72.839485,-16.872467,STU
9303368028000,5.685062,-4.81221833806708,7.97408960158976,0.200435253425746,0.8549059,-0.7357872,0.7877107,184.19586,-72.9487,-16.784866,STU
9303372985000,5.690019,-4.76272978328386,7.80867175358788,0.386190700419695,0.926988,-0.85918194,0.73731434,184.3662,-72.99718,-16.749157,STU
9303377972000,5.695006,-4.69917435057836,7.64244951495547,0.581746188197359,0.9639453,-1.0097603,0.6814202,184.57414,-73.03071,-16.728004,STU
9303382958000,5.699992,-4.5775725943098,7.51830792729189,0.735728875468915,0.98715824,-1.1759156,0.61911196,184.81218,-73.04124,-16.72324,STU
9303387941000,5.704975,-4.41665792476291,7.4227650719705,0.861443380977871,0.98990715,-1.3197744,0.5696318,185.08438,-73.04165,-16.72746,STU
9303393026000,5.71006,-4.20310283697942,7.36987757123166,0.940363798044698,0.9456194,-1.3900238,0.5109888,185.37296,-73.01905,-16.745869,STU
9303397990000,5.715024,-3.97376105196416,7.33711429152309,0.996529104824259,0.90316427,-1.5048665,0.4868596,185.71046,-72.99616,-16.762354,STU
9303402983000,5.720017,-3.67956007572127,7.3508429945174,0.99977529353973,0.870483,-1.5909985,0.4373795,186.05562,-72.96927,-16.776287,STU
9303407951000,5.724985,-3.35577894937218,7.38732543799483,0.976973825889006,0.7959574,-1.6572775,0.39950588,186.42079,-72.93951,-16.787985,STU
9303412948000,5.729982,-3.02481739676752,7.42733510960875,0.926485038858776,0.7458665,-1.7085901,0.37232238,186.80544,-72.942116,-16.765871,STU
9303418418000,5.735452,-2.6582711711836,7.47379878931704,0.849045676899576,0.6914995,-1.765706,0.35246924,187.20355,-72.93684,-16.746895,STU
9303422976000,5.74001,-2.38162978937513,7.51818942104947,0.754760917123974,0.66248333,-1.8148806,0.34605515,187.63622,-72.989746,-16.669937,STU
9303427985000,5.745019,-2.09820872153014,7.5710305087122,0.629863483452834,0.64996064,-1.8435913,0.3549127,188.07178,-73.0434,-16.589867,STU
9303432960000,5.749994,-1.86372664442095,7.65560761019134,0.489460658791541,0.6603453,-1.8469511,0.35124752,188.53381,-73.158264,-16.452118,STU
9303437957000,5.754991,-1.66613675995972,7.76645083270896,0.335244180785498,0.6771441,-1.8304577,0.34300083,188.99141,-73.27701,-16.310455,STU
9303443037000,5.760071,-1.52595840816327,7.91277713205937,0.159721243283859,0.68539083,-1.8017471,0.355829,189.46942,-73.45759,-16.11428,STU
9303448044000,5.765078,-1.43254720306122,8.08180685656772,-0.0271011204730983,0.6976081,-1.7599027,0.36682457,189.9327,-73.63852,-15.9203005,STU
9303453174000,5.770208,-1.39291856922093,8.2224782691037,-0.217226030912288,0.70249504,-1.7107282,0.3894266,190.4049,-73.87103,-15.683052,STU
9303457955000,5.774989,-1.42219711157412,8.31519389949909,-0.392897106692955,0.7281514,-1.6215417,0.41416663,190.84743,-74.109795,-15.4437895,STU
9303462955000,5.779989,-1.4810363716374,8.36523867923141,-0.553813620113083,0.7360926,-1.5360206,0.42119157,191.29518,-74.37969,-15.182204,STU
9303468979000,5.786013,-1.58181074170268,8.37584616953204,-0.723538903525788,0.7443393,-1.4391985,0.41538838,191.7089,-74.65323,-14.92076,STU
9303473049000,5.790083,-1.67335374105208,8.38538267732772,-0.845848175759074,0.75655663,-1.3487904,0.40866885,192.10231,-74.93066,-14.664419,STU
9303477968000,5.795002,-1.81708241865334,8.40025146102052,-1.00444534206839,0.7593055,-1.2629639,0.39706242,192.46556,-75.20238,-14.415051,STU
9303482956000,5.79999,-1.95702373461653,8.41060904416592,-1.17863599761265,0.77457714,-1.1798862,0.40591997,192.79979,-75.463234,-14.184999,STU
9303487952000,5.804986,-2.09028553678504,8.41536848831195,-1.36900988711827,0.7654142,-1.1392636,0.4266894,193.11893,-75.71932,-13.957875,STU
9303493057000,5.810091,-2.21577829575245,8.46086376398232,-1.56052801879685,0.7351763,-1.0445796,0.4474588,193.39095,-75.95147,-13.760613,STU
9303497991000,5.815025,-2.32475843563329,8.55168023111666,-1.74216156945993,0.72601336,-0.8875872,0.44929138,193.631,-76.18041,-13.566518,STU
9303503014000,5.820048,-2.46308493302105,8.64942917870454,-1.92315824381989,0.68691796,-0.69913524,0.45662177,193.82806,-76.3875,-13.396316,STU
9303507956000,5.82499,-2.64425600454316,8.75431761519089,-2.09479409797522,0.64996064,-0.52595496,0.45265114,193.98302,-76.58624,-13.232695,STU
9303512920000,5.829954,-2.78680621660503,8.8489249694642,-2.26341222723566,0.6084218,-0.35308012,0.45570546,194.0818,-76.76735,-13.087694,STU
9303519019000,5.836053,-2.88096951336178,8.94308843973447,-2.46281679101944,0.5842926,-0.086437434,0.47525316,194.10275,-76.944786,-12.943708,STU
9303523013000,5.840047,-2.94792226350132,8.97322811400711,-2.57319964954889,0.5516113,0.009162978,0.49174652,194.11565,-77.08724,-12.831394,STU
9303527965000,5.844999,-3.04300440920441,8.93865256675476,-2.6639598405632,0.5342017,0.18295415,0.50946164,194.02933,-77.22794,-12.717654,STU
9303532981000,5.850015,-3.1353564455763,8.90331287597403,-2.75103720247565,0.5345071,0.34574974,0.5137377,193.91934,-77.35189,-12.617041,STU
9303537949000,5.854983,-3.18169816732955,8.86469474090909,-2.78193175085227,0.5421429,0.46517387,0.4908302,193.7743,-77.46449,-12.521368,STU
9303542999000,5.860033,-3.22880478867695,8.82543918896104,-2.81333623340097,0.5580254,0.5500842,0.46120325,193.58662,-77.54645,-12.450343,STU
9303547984000,5.865018,-3.2465374,8.82546050245516,-2.78372216222066,0.58246,0.6261369,0.4297437,193.37053,-102.38766,-12.387611,STU
9303552966000,5.87,-3.2465374,8.84936651387915,-2.71678528030865,0.6123924,0.6740898,0.39858958,193.14188,-102.3392,-12.334124,STU
9303557953000,5.874987,-3.19000953788782,8.93292468418393,-2.59587795317837,0.63438356,0.70432764,0.37568212,192.89728,-102.32012,-12.301328,STU
9303562957000,5.879991,-3.09799085798888,9.05400176149571,-2.44089924364831,0.6582073,0.7425067,0.3576616,192.64044,-102.31765,-12.276047,STU
9303568702000,5.885736,-3.01128008217625,9.24364742061018,-2.16077355962973,0.68600166,0.81306165,0.34880406,192.37424,-102.32953,-12.256612,STU
9303572987000,5.890021,-2.95313813261547,9.40256923509965,-1.91657716910362,0.6921103,0.9166033,0.34300083,192.09142,-102.35329,-12.240757,STU
9303578141000,5.895175,-2.92650981774329,9.61345929068792,-1.53001542393037,0.68477994,1.0323622,0.33536503,191.8087,-102.368706,-12.211153,STU
9303582958000,5.899992,-2.93618508755243,9.82631401415688,-1.0946302273018,0.6588182,1.1630874,0.34116822,191.49622,-102.38772,-12.17833,STU
9303587948000,5.904982,-3.00104297231595,10.011278086617,-0.438634309543964,0.59650993,1.219287,0.35002577,191.19347,-102.38859,-12.132979,STU
9303593976000,5.91101,-3.12149089284054,10.2074362138301,0.511183959439642,0.5497787,1.3341297,0.37232238,190.8414,-102.387886,-12.081003,STU
9303598673000,5.915707,-3.21534356084054,10.3602820538301,1.25127958143964,0.36713,1.3451253,0.37659842,190.52914,-102.366615,-12.038639,STU
9303603167000,5.920201,-3.30818660004927,10.4661027429791,1.82140591731811,0.22296582,1.3154984,0.3744604,190.20184,-102.342896,-11.993541,STU
9303607945000,5.924979,-3.41339464462145,10.4924048914436,2.13327258443915,0.13255776,1.1603385,0.37232238,189.91405,-102.31247,-11.952273,STU
9303612967000,5.930001,-3.5239753896699,10.5200502220397,2.46106546896863,-0.014966198,0.91813046,0.3680463,189.65231,-102.273575,-11.963451,STU
9303618961000,5.935995,-3.66114753625168,10.5437475477198,2.39626180223206,-0.13225232,0.43096542,0.37232238,189.5117,-102.23815,-11.981098,STU
9303622940000,5.939974,-3.7528016613046,10.5584121189148,2.30094151523956,-0.25228736,0.27977628,0.3827071,189.34595,-102.20322,-11.999119,STU
9303628689000,5.945723,-3.78706379861042,10.5927945667494,1.78380499508685,-0.27885997,-0.014049901,0.40775254,189.31482,-102.19003,-12.041188,STU
9303632927000,5.949961,-3.79109223319107,10.620993777072,1.32053476592556,-0.31337386,-0.28863382,0.42821655,189.32368,-102.1797,-12.081647,STU
9303637951000,5.954985,-3.73861103792539,10.6175960509554,0.665141083119199,-0.2947425,-0.52412236,0.44837508,189.39598,-102.19362,-12.133415,STU
9303643920000,5.960954,-3.65018641313922,10.596790093949,-0.161889861088262,-0.24953845,-0.7312057,0.4728097,189.5389,-102.20795,-12.176749,STU
9303647966000,5.965,-3.71429151966519,10.6073450861739,-1.14213848543163,-0.18020524,-0.870483,0.50671273,189.75879,-102.2225,-12.207713,STU
9303652967000,5.970001,-3.87367928031464,10.6363245093788,-2.62492769272691,-0.12614368,-0.9294315,0.5311473,190.00757,-102.235374,-12.230559,STU
9303657957000,5.974991,-4.10262739187368,10.6907202909474,-3.60838747002105,-0.0580322,-0.8857546,0.5348125,190.25807,-102.21898,-12.216987,STU
9303662949000,5.979983,-4.38947186311579,10.7662056366316,-4.18207657014737,-0.0580322,-0.7449502,0.52198434,190.345410198334,-102.211625661246,-12.2101831475605,STU
9303668041000,5.985075,-4.61462164619289,10.9190913413013,-4.57375736137517,0.058643065,-0.5549711,0.505491,190.4345,-102.204124,-12.203243,STU
9303673000000,5.990034,-4.79871382284264,11.107566752192,-4.85427863174896,0.10476339,-0.33261612,0.49418998,190.5887,-102.1768,-12.173822,STU
9303678060000,5.995094,-4.96882523111738,11.3124742749033,-5.00409814790425,0.14844026,-0.10048734,0.48899764,190.61192,-102.19247,-12.181831,STU
9303682957000,5.999991,-5.11588592379011,11.5232612813839,-5.01390223161911,0.19150625,0.103847094,0.5002986,190.57857,-102.211655,-12.187428,STU
9303687953000,6.004987,-5.20725446067594,11.6809802633339,-4.89914768834712,0.23884831,0.1908954,0.50946164,190.49347,-102.26026,-12.212694,STU
9303694043000,6.011077,-5.26371897678226,11.8195746630875,-4.64249058255589,0.26725355,0.4266894,0.5122105,190.30711,-102.314674,-12.23361,STU
9303697969000,6.015003,-5.30489541988756,11.8652796787471,-4.37719379804236,0.37293324,0.49968776,0.50946164,190.13248,-102.39442,-12.26788,STU
9303702960000,6.019994,-5.36727590513001,11.8316905143058,-3.8301650161028,0.41172317,0.6747007,0.49693888,189.86227,-102.48172,-12.299667,STU
9303707921000,6.024955,-5.41654564878685,11.7799546085823,-3.18211532894526,0.4529566,0.8900307,0.462425,189.5513,-102.587906,-12.341208,STU
9303712951000,6.029985,-5.43586429827552,11.6833608568278,-2.2741334068478,0.4801401,1.1588113,0.40286562,189.17732,-102.71142,-12.388232,STU
9303718019000,6.035053,-5.41085969046125,11.6394332852997,-1.33686973078914,0.47128254,1.4080443,0.34788775,188.73544,-102.84986,-12.458722,STU
9303723270000,6.040304,-5.28462726513963,11.7143836076247,-0.315176671650455,0.4569272,1.5741998,0.26389378,188.24393,-103.01561,-12.548839,STU
9303727952000,6.044986,-5.17207342485096,11.7812122896141,0.595805408503294,0.37690386,1.6022996,0.1740966,187.71211,-103.17737,-12.673668,STU
9303732955000,6.049989,-4.93393201259366,12.094444607781,1.67887497524496,0.26908615,1.4312572,0.0852157,187.1975,-103.35643,-12.820945,STU
9303737920000,6.054954,-4.65987531619597,12.4826918685879,2.78880482697406,0.11881329,1.1010846,0.015577064,186.72858,-103.54257,-12.98892,STU
9303744015000,6.061049,-4.27027214662834,13.0553148025726,3.63610227925356,-0.044898596,0.63591075,-0.046120327,186.35612,-103.681175,-13.173445,STU
9303748027000,6.065061,-4.00069565483337,13.4559354044046,4.06667592887351,-0.22052236,0.116980694,-0.0888809,186.10442,-103.82417,-13.376582,STU
9303752987000,6.070021,-3.68795477272553,13.8135818865643,4.08258169040307,-0.3933972,-0.32742378,-0.118202426,185.98166,-103.90626,-13.546167,STU
9303758021000,6.075055,-3.38259610097889,14.095807637428,3.79572968387716,-0.5552765,-0.6123924,-0.1414153,185.97183,-103.99562,-13.725124,STU
9303762953000,6.079987,-3.18907572123349,14.2284543025705,3.31625143282756,-0.6771441,-0.7049385,-0.15424347,186.07645,-104.01659,-13.836305,STU
9303769042000,6.086076,-3.05895888895038,14.2440680985362,2.51993620838986,-0.77640975,-0.6420194,-0.17501289,186.22368,-104.05474,-13.950492,STU
9303772980000,6.090014,-3.04481418547329,14.1929896635426,2.06695677450797,-0.8594874,-0.46700647,-0.20066923,186.39145,-104.05005,-13.998856,STU
9303777970000,6.095004,-3.16922388025617,14.0038866946787,1.61908174857857,-0.9370673,-0.28252518,-0.23487769,186.53856,-104.06708,-14.050566,STU
9303782929000,6.099963,-3.31291230236576,13.7641003950133,1.36520688451949,-1.047023,-0.20005837,-0.2779437,186.65964,-104.081375,-14.07954,STU
9303787946000,6.10498,-3.49213882829096,13.4339461387062,1.43123763728281,-1.1869112,-0.077579886,-0.29993483,186.7143,-75.88831,-14.10987,STU
9303793010000,6.110044,-3.70721675624032,12.976258084524,1.62069109722844,-1.2651019,0.0033597588,-0.3576616,186.7365,-75.80593,-14.179916,STU
9303798007000,6.115041,-3.98319421031159,12.2924936024273,2.03671672362713,-1.4321736,0.04428773,-0.43127087,186.73488,-75.69919,-14.259639,STU
9303803295000,6.120329,-4.25529890493893,11.6003167339352,2.44634770658524,-1.6200147,0.073303826,-0.5177083,186.69801,-75.51768,-14.397831,STU
9303807950000,6.124984,-4.2908113882103,11.3122703770579,2.4936976842804,-1.7849482,0.08277224,-0.60903263,186.65614,-75.2984,-14.556084,STU
9303812920000,6.129954,-4.32872697185342,11.0047321614445,2.54425179580457,-1.9297233,0.09773844,-0.698219,186.57866,-74.94567,-14.817459,STU
9303819046000,6.13608,-4.34290769042722,10.6964295514241,2.42781132262658,-2.039679,0.14752395,-0.829555,186.49216,-74.536224,-15.113047,STU
9303823039000,6.140073,-4.34668931256923,10.5073468648141,2.3219247180182,-2.1484132,0.1881465,-0.8775079,186.40636,-74.10518,-15.405574,STU
9303828906000,6.14594,-4.38039428493063,10.3019385583938,2.134367729128,-2.1725423,0.24587326,-0.9654725,186.29585,-73.592674,-15.762495,STU
9303832958000,6.149992,-4.40891965006891,10.173573968483,1.99887220748874,-2.2046127,0.2846632,-1.0366384,186.18265,-73.05549,-16.123505,STU
9303837946000,6.15498,-4.4244847,10.0777533770476,1.77285011691383,-2.20278,0.31978795,-1.108415,186.04361,-72.487175,-16.513554,STU
9303844078000,6.161112,-4.4244847,10.020832821072,1.43701859891441,-2.20278,0.3481932,-1.1759156,185.89943,-71.89683,-16.91806,STU
9303848102000,6.165136,-4.4346968570162,10.0001038755732,1.1837472180373,-2.1933117,0.3753767,-1.2305881,185.73412,-71.28912,-17.346537,STU
9303852977000,6.170011,-4.4537275395292,9.98583085126873,0.855468553255885,-2.1685717,0.40225476,-1.280679,185.56392,-70.67115,-17.788023,STU
9303857946000,6.17498,-4.47027125886113,9.99399099168962,0.522097030995083,-2.1487186,0.4279111,-1.3319917,185.36261,-70.06539,-18.236994,STU
9303862942000,6.179976,-4.4843877595299,10.0222239438926,0.188005113523013,-2.119397,0.4456262,-1.3762794,185.15742,-69.460915,-18.693037,STU
9303868068000,6.185102,-4.51956802543629,10.0435045716832,-0.090692125004879,-2.1111503,0.43799037,-1.4068227,184.90762,-68.88669,-19.145643,STU
9303873004000,6.190038,-4.57279128601051,10.0568106531244,-0.299149859617752,-2.0754147,0.4334089,-1.425454,184.65279,-68.320786,-19.602688,STU
9303878087000,6.195121,-4.60270957096293,10.0894975840207,-0.520582199147372,-2.0598376,0.42638394,-1.4355333,184.4113,-67.753975,-20.065067,STU
9303882951000,6.199985,-4.59345153689755,10.1496742979231,-0.742774030672762,-2.0460932,0.4343252,-1.4425583,184.16597,-67.1974,-20.526384,STU
9303887918000,6.204952,-4.58403563660741,10.1880946343188,-0.939463051670759,-2.038152,0.49480084,-1.4340062,183.9134,-66.63856,-20.995012,STU
9303894063000,6.211097,-4.57247499698458,10.1823141937924,-1.11287279087123,-2.024102,0.68966687,-1.3991868,183.61453,-66.09744,-21.45969,STU
9303898055000,6.215089,-4.61511517442537,10.1441282726215,-1.16698565106197,-1.9932534,0.7654142,-1.3930782,183.34683,-65.56192,-21.922459,STU
9303902971000,6.220005,-4.75209392903695,10.0391115277859,-1.13502392734943,-1.9825631,0.9016371,-1.391551,182.99828,-65.04309,-22.384943,STU
9303907922000,6.224956,-4.92107953964566,9.91842308655242,-1.07060523903572,-1.9553796,1.0299188,-1.4278975,182.63995,-64.524734,-22.85779,STU
9303912945000,6.229979,-5.18654039684384,9.75076362339045,-0.907602980482138,-1.9086485,1.1612549,-1.5054774,182.23993,-64.0089,-23.344406,STU
9303918015000,6.235049,-5.45462578912095,9.60385200561097,-0.709650981959165,-1.8625281,1.323745,-1.5925257,181.7865,-63.45757,-23.876558,STU
9303923037000,6.240071,-5.72073582387781,9.54763159226933,-0.37982430263404,-1.8182404,1.4908166,-1.6829338,181.29451,-62.90042,-24.433136,STU
9303927940000,6.244974,-5.98054018477244,9.49274336315461,-0.0578131101348192,-1.7684549,1.6261233,-1.7705929,180.7543,-62.27397,-25.066896,STU
9303932958000,6.249992,-6.27294057232221,9.6311855828388,0.726260907374258,-1.7085901,1.6719382,-1.8319849,180.19226,-61.64833,-25.71488,STU
9303937944000,6.254978,-6.57953649840451,9.8866818241074,1.78076432773616,-1.6444492,1.6224581,-1.8784106,179.62045,-61.02107,-26.376457,STU
9303943023000,6.260057,-6.59593900200129,10.095170931332,2.33030095890021,-1.5836681,1.4618006,-1.9040669,179.05722,-60.340088,-27.07829,STU
9303948242000,6.265276,-6.38487297346002,10.2695299932066,2.49089471063986,-1.5140295,1.2577715,-1.8964312,178.5231,-59.67688,-27.766644,STU
9303952968000,6.270002,-6.12923583108808,10.4532930880829,2.5742208688601,-1.4504995,1.058324,-1.8668042,178.09993,-58.98452,-28.427984,STU
9303958181000,6.275215,-5.74639959357513,10.6964457751295,2.56904724996891,-1.3857478,0.8979719,-1.822211,177.72884,-58.32278,-29.059153,STU
9303962953000,6.279987,-5.35924278372908,10.914655729856,2.51322940677306,-1.319469,0.7312057,-1.7540996,177.47041,-57.73298,-29.593224,STU
9303968011000,6.285045,-4.90671342709225,11.1409200144025,2.39538332269366,-1.2400564,0.55863625,-1.643533,177.2586,-57.18898,-30.081062,STU
9303973063000,6.290097,-4.48585205395151,11.3606368802881,2.24255545013696,-1.1588113,0.36163223,-1.5088371,177.13622,-56.757027,-30.43802,STU
9303978069000,6.295103,-4.11134728751141,11.5697761536979,2.04314377376484,-1.067487,0.25870144,-1.3768903,177.02884,-56.37308,-30.753119,STU
9303982943000,6.299977,-3.73112485745787,11.7866595241213,1.79592103317285,-0.97249746,0.02321288,-1.3332134,177.08406,-56.084244,-30.947021,STU
9303987992000,6.305026,-3.31673449066923,12.0287752396726,1.46999605016851,-0.9224065,-0.18845193,-1.2470814,177.14764,-55.851357,-31.084234,STU
9303993048000,6.310082,-2.91997377080711,12.2154549814349,1.18115281740088,-0.8249735,-0.376293,-1.1948525,177.32434,-55.691486,-31.144453,STU
9303998197000,6.315231,-2.54758129741976,12.3085533731907,0.952286572246696,-0.7693848,-0.5002986,-1.149343,177.53711,-55.556145,-31.170713,STU
9304003102000,6.320136,-2.1928356998348,12.3972400330396,0.734265804625551,-0.73364913,-0.5900958,-1.1194105,177.83308,-55.504627,-31.111092,STU
9304007985000,6.325019,-1.76853412440796,12.3496723037575,0.657860409996842,-0.71868294,-0.6404922,-1.1169671,178.14893,-55.4626,-31.04052,STU
9304012951000,6.329985,-1.32303359014841,12.2745880145248,0.607804185814125,-0.7357872,-0.6728681,-1.1206323,178.47974,-55.427834,-30.958422,STU
9304020779000,6.337813,-0.922523869718944,11.7302741138228,0.850924850287057,-0.7901542,-0.72692966,-1.1633929,178.8622,-55.44508,-30.818188,STU
9304022986000,6.34002,-0.814708668157631,11.5696081340268,0.92491568640128,-0.9083566,-0.75777835,-1.2024882,179.24179,-55.451935,-30.678505,STU
9304028678000,6.345712,-0.648734654393764,11.0626603793303,1.11876680632217,-0.95386606,-0.81092364,-1.2913691,179.68704,-55.480064,-30.50187,STU
9304032949000,6.349983,-0.530655712291185,10.6769358973249,1.2643975288443,-1.0748174,-0.8417723,-1.4025466,180.13484,-55.467777,-30.341969,STU
9304037965000,6.354999,-0.499878764225339,10.1900039205648,1.292869,-1.2018774,-0.8677341,-1.5131133,180.63614,-55.418137,-30.186172,STU
9304044528000,6.361562,-0.496284419582593,9.54596730284192,1.28909270968028,-1.2925909,-0.8426886,-1.6157386,181.13449,-55.333073,-30.058388,STU
9304048005000,6.365039,-0.578430054233274,9.22395641089402,1.24966279544109,-1.3759739,-0.79168135,-1.7146988,181.66716,-55.175423,-29.962763,STU
9304052937000,6.369971,-0.694950695618709,8.76719549082297,1.19373287394908,-1.4263704,-0.73792523,-1.7959439,182.19943,-54.942513,-29.928604,STU
9304057951000,6.374985,-0.884903482189575,8.40791598913262,1.17096654920507,-1.4382823,-0.73823065,-1.8637499,182.73508,-54.689274,-29.90984,STU
9304062918000,6.379952,-1.1002949032099,8.09200819178909,1.16139355384383,-1.4178182,-0.79412484,-1.897042,183.26958,-54.429783,-29.895735,STU
9304069094000,6.386128,-1.31257959789606,7.81501661832404,0.975912926874663,-1.3552046,-0.7968737,-1.9025398,183.77675,-54.110138,-29.954693,STU
9304073283000,6.390317,-1.4460392094947,7.64909387628124,0.817204176155368,-1.2415836,-0.75808376,-1.8692477,184.28094,-53.81279,-30.001795,STU
9304077959000,6.394993,-1.62035049179771,7.41139197046324,0.690344080344241,-1.0965031,-0.72692966,-1.8084666,184.77364,-53.478107,-30.102032,STU
9304082955000,6.399989,-1.82877329281768,7.11146667569061,0.598841427348066,-0.9462303,-0.6453791,-1.7849482,185.23303,-53.171425,-30.203924,STU
9304087948000,6.404982,-1.99673153137481,6.81340194897488,0.519558128726369,-0.8668178,-0.5448918,-1.7229455,185.64104,-52.86008,-30.347275,STU
9304094195000,6.411229,-2.17726711456466,6.44171110437561,0.429290326042425,-0.7290677,-0.32803464,-1.6670512,185.98091,-52.595016,-30.500172,STU
9304098172000,6.415206,-2.27090073700033,6.20297633749047,0.362721161333188,-0.5421429,-0.2415972,-1.6646078,186.31134,-52.300495,-30.71101,STU
9304102991000,6.420025,-2.36138235658425,5.91142463295937,0.272239583740333,-0.48655418,-0.0842994,-1.6710218,186.54382,-52.02618,-30.934656,STU
9304107956000,6.42499,-2.43722279656644,5.66933664183785,0.237561254201647,-0.3830125,0.06719518,-1.7006488,186.7406,-51.727634,-31.238525,STU
9304112952000,6.429986,-2.49894692144487,5.47466804967748,0.251805287977573,-0.30024028,0.18845193,-1.7263051,186.89558,-51.440575,-31.550505,STU
9304118042000,6.435076,-2.49297170346575,5.37039696782192,0.27504959225319,-0.23457226,0.2742785,-1.7687603,187.01062,-51.11594,-31.933348,STU
9304123010000,6.440044,-2.42839264853859,5.34887061617953,0.305186516021175,-0.20158553,0.31215215,-1.774869,187.09875,-50.807034,-32.314404,STU
9304127983000,6.445017,-2.37023585769231,5.32948503592516,0.418341205546778,-0.19058995,0.312763,-1.7467692,187.1783,-50.469807,-32.728996,STU
9304132956000,6.44999,-2.32567969038462,5.31463303185031,0.705480137093555,-0.21563543,0.20341812,-1.7259997,187.27979,-50.134098,-33.131092,STU
9304137948000,6.454982,-2.31413321211838,5.30903981277192,0.98398626784614,-0.24129178,0.0076358155,-1.6865989,187.42438,-49.815434,-33.49388,STU
9304144108000,6.461142,-2.36370277985249,5.32005523392774,1.30894147949771,-0.28191432,-0.20647246,-1.6630806,187.60655,-49.49773,-33.8332,STU
9304148071000,6.465105,-2.42458252245431,5.32940550809399,1.39321291096606,-0.3115413,-0.37659842,-1.645671,187.88365,-49.18297,-34.111286,STU
9304153005000,6.470039,-2.56922699478707,5.34642258845773,1.20177157868912,-0.3222314,-0.5326745,-1.6203201,188.21667,-48.880146,-34.35045,STU
9304158146000,6.47518,-2.71409880536133,5.36746872621614,0.992857854027556,-0.30970868,-0.6252206,-1.5628988,188.62595,-48.575516,-34.539543,STU
9304162950000,6.479984,-2.77015764450277,5.43215184628363,0.669442037557409,-0.3032946,-0.6392705,-1.5005904,189.04962,-48.28465,-34.70409,STU
9304168069000,6.485103,-2.82989228179773,5.50107626169275,0.324819730207142,-0.2724459,-0.5693264,-1.4251486,189.43329,-47.99879,-34.898445,STU
9304173079000,6.490113,-2.88219292149726,5.49875417435068,0.269197183593062,-0.25717425,-0.4831944,-1.3319917,189.79977,-47.73886,-35.06561,STU
9304177995000,6.495029,-2.93296618419161,5.49029177981486,0.239579394740721,-0.23426682,-0.45204028,-1.2421945,190.14624,-47.50931,-35.209816,STU
9304182963000,6.499997,-2.9151893677794,5.44364280624695,0.355178477868228,-0.21868975,-0.43127087,-1.1924089,190.41873,-47.299953,-35.384792,STU
9304187971000,6.505005,-2.86369432059541,5.37810375305027,0.542433331771596,-0.17959438,-0.4654793,-1.0870347,190.67375,-47.138412,-35.514267,STU
9304194082000,6.511116,-2.74623842265302,5.26262629326871,0.809062255379644,-0.15515977,-0.5882632,-0.9049969,190.93224,-46.996227,-35.618675,STU
9304198201000,6.515235,-2.65064830684796,5.17411681313947,1.00024254613893,-0.12675454,-0.63346726,-0.8378017,191.17575,-46.862736,-35.726597,STU
9304203083000,6.520117,-2.51939314356913,5.02412817170418,1.18784737717042,-0.11789699,-0.73823065,-0.72784597,191.48799,-46.774895,-35.734436,STU
9304207947000,6.524981,-2.3646202986388,4.81443628334405,1.32264940966774,-0.10354166,-0.84849185,-0.61544675,191.8018,-46.713036,-35.715088,STU
9304212953000,6.529987,-2.19811950728709,4.58426639244952,1.37147050892596,-0.09010262,-0.9251554,-0.50976706,192.18805,-46.666607,-35.627945,STU
9304218022000,6.535056,-2.02290166733977,4.33801416476441,1.33832119721003,-0.060170226,-0.9605856,-0.4184427,192.57437,-46.65209,-35.50574,STU
9304223200000,6.540234,-1.86207759176037,4.09639642203204,1.29911881513583,-0.029321533,-0.9639453,-0.33964106,193.0088,-46.644848,-35.339092,STU
9304228089000,6.545123,-1.72695874823366,3.87741067320131,1.25718536248383,0.012217305,-0.94042706,-0.25625798,193.42226,-46.66981,-35.147255,STU
9304232951000,6.549985,-1.62574742118796,3.66834742699821,1.22432233838948,0.055588737,-0.9297369,-0.16890424,193.84973,-46.706314,-34.93276,STU
9304237937000,6.554971,-1.55912394656169,3.46371843905721,1.20052827580227,0.105068825,-0.90408057,-0.073303826,194.24234,-46.774372,-34.701202,STU
9304243048000,6.560082,-1.49901535318186,3.28725456212878,1.14228457723202,0.17256944,-0.86254174,0.024740042,194.63016,-46.856613,-34.459713,STU
9304248042000,6.565076,-1.44941683976619,3.15198552536061,1.04759632211747,0.2180789,-0.79076505,0.14569137,194.97427,-46.972847,-34.197643,STU
9304252950000,6.569984,-1.39988627819348,3.04232922655479,0.951448672981244,0.29016098,-0.6908886,0.27000242,195.3012,-47.09831,-33.93999,STU
9304257951000,6.574985,-1.34787938333662,2.9761387946693,0.847434932635735,0.36254853,-0.5503896,0.42180246,195.56401,-47.26664,-33.662746,STU
9304262918000,6.579952,-1.30051830724595,2.93337905441874,0.722514070413207,0.4361578,-0.3930918,0.5702427,195.76904,-47.461407,-33.39343,STU
9304269215000,6.586249,-1.25282737145117,2.94530171055753,0.501943593515223,0.5027421,-0.226631,0.72051555,195.90239,-47.701572,-33.1086,STU
9304273145000,6.590179,-1.2354081,2.98094217401534,0.345205665615197,0.57543504,-0.04428773,0.8717047,195.95795,-47.987984,-32.820118,STU
9304278166000,6.5952,-1.2354081,3.0773135661816,0.110562216261764,0.6591236,0.13561209,1.0167851,195.94405,-48.31774,-32.520245,STU
9304283175000,6.600209,-1.24200560068074,3.18446748604493,-0.138912590456093,0.7339546,0.21746802,1.1728612,195.86314,-48.711376,-32.196415,STU
9304287960000,6.604994,-1.41357647436181,3.56270316933288,-0.762806647697413,0.77091193,0.38453966,1.2461652,195.70033,-49.12254,-31.89414,STU
9304293000000,6.610034,-1.59429062344282,3.96109561317223,-1.41994897758169,0.86254174,0.5510005,1.3933836,195.4531,-49.63871,-31.547194,STU
9304298001000,6.615035,-1.90730410149111,4.24500769074747,-1.82615110269547,0.9569204,0.7290677,1.5286902,195.15431,-50.170483,-31.208149,STU
9304302981000,6.620015,-2.290229877251,4.46838115910916,-2.09966958195374,1.0537425,0.9224065,1.6572775,194.79301,-50.744442,-30.856289,STU
9304307956000,6.62499,-2.97165645202639,4.61779897697141,-2.21906019101477,1.1478158,1.1236867,1.7455474,194.28693,-51.430008,-30.523981,STU
9304312954000,6.629988,-3.89897921677663,4.70802509849199,-2.2140476403393,1.237613,1.357648,1.7788396,193.7223,-52.140087,-30.195124,STU
9304318030000,6.635064,-5.21136167729006,4.90001000190635,-2.02514776290938,1.3225232,1.6829338,1.738828,193.02202,-52.842205,-29.961346,STU
9304323179000,6.640213,-6.74916597379998,5.15068661799785,-1.73108479392903,1.4178182,2.1536055,1.6132951,192.23456,-53.53671,-29.773872,STU
9304328157000,6.645191,-8.47452781396767,6.02029519008844,-0.926616619426654,1.502423,2.81334,1.3991868,191.22182,-54.058502,-29.844122,STU
9304332952000,6.649986,-10.2671051983328,7.20134219827183,0.133057956612788,1.6123788,3.5439348,1.1478158,190.07716,-54.542744,-29.99263,STU
9304337948000,6.654982,-11.705987027966,9.11393925192326,0.711713889510356,1.6560557,4.205807,0.8927795,188.67282,-54.68888,-30.518581,STU
9304344070000,6.661104,-13.1553490539277,11.9567033622411,1.03628144564284,1.5296066,4.569272,0.6420194,187.1703,-54.74783,-31.110018,STU
9304348107000,6.665141,-13.4267859502427,13.5225557840817,1.23196787554612,1.4013249,4.3133197,0.47158796,185.67249,-54.514507,-31.902775,STU
9304353263000,6.670297,-13.3918296468447,15.3502610569377,1.47166696790049,1.4471397,3.462995,0.51251596,184.27774,-54.282116,-32.625828,STU
9304357951000,6.674985,-13.7851024084069,16.5021661654208,1.79502978608873,1.568091,2.5363126,0.75228053,183.00436,-54.168182,-33.17412,STU
9304362942000,6.679976,-14.5182406265411,17.3513077046889,2.21728045053878,1.5732834,2.0977113,1.0256428,181.87378,-54.0812,-33.618065,STU
9304368019000,6.685053,-15.2805745889272,18.0104271720746,2.67110473209288,1.3405437,2.3041837,1.1551461,180.94255,-54.23158,-33.758507,STU
9304373007000,6.690041,-16.0458881529102,18.4560530284932,3.14094899252687,0.9673051,2.558609,1.0812315,180.15796,-54.38605,-33.83262,STU
9304377982000,6.695016,-15.9536982516775,18.1426847103958,3.77358140012642,0.6743952,3.0143147,1.0103711,179.26355,-54.553013,-33.87342,STU
9304382957000,6.699991,-15.1011642927161,17.1557831763104,4.55198210176991,0.61758476,3.0185907,0.90316427,178.461,-54.67745,-33.919567,STU
9304387950000,6.704984,-14.0066508624778,15.8376565604624,4.99888587305868,0.67347896,2.3377812,0.8918633,177.76291,-54.74597,-33.972046,STU
9304394039000,6.711073,-12.3359512590397,13.7694460786406,5.07377918946848,0.86529064,0.4859433,1.0241156,177.47644,-54.83609,-33.944,STU
9304398101000,6.715135,-11.3837976716834,12.4678255495864,4.79453516062992,1.1759156,-0.092240654,1.0705414,177.1064,-54.879074,-33.96187,STU
9304402974000,6.720008,-10.3837403386823,10.974717076049,4.17124392755905,1.2586879,-0.8772025,1.1145236,177.42479,-54.96296,-33.839405,STU
9304407956000,6.72499,-9.41377484778137,9.65916415045548,3.65279058270154,1.3261884,-1.1258247,1.0965031,177.80257,-55.04651,-33.71687,STU
9304412946000,6.72998,-8.51034304613576,8.61530248721716,3.2876729327848,1.3066407,-0.98837996,1.07665,178.3008,-55.14536,-33.560993,STU
9304418014000,6.735048,-7.65131448260592,7.7861761656427,3.04915028181601,1.1786644,-0.6939429,1.0852021,178.79022,-55.249626,-33.405582,STU
9304423037000,6.740071,-6.88751044161015,7.31023799824463,3.01076819739887,1.0051788,-0.4196644,1.1242975,179.2292,-55.35226,-33.25302,STU
9304428582000,6.745616,-6.04289155227052,6.78605131422716,2.9675270325747,0.8390234,-0.28313604,1.2018774,179.59532,-55.482536,-33.07677,STU
9304432980000,6.750014,-5.25694063163628,6.46803635072808,2.86303646338043,0.70280045,-0.31612277,1.3069462,179.91597,-55.61722,-32.889595,STU
9304438185000,6.755219,-4.35084438050283,6.11677242901375,2.72795979354594,0.63499445,-0.4746423,1.3881912,180.28218,-55.79191,-32.641186,STU
9304443603000,6.760637,-3.72047665035856,6.07737443159538,2.43904134388762,0.63591075,-0.6960809,1.461495,180.66693,-55.98375,-32.36353,STU
9304448097000,6.765131,-3.19761349434742,6.04469547249641,2.19939580812453,0.6814202,-0.91690874,1.5332718,181.12929,-56.24484,-31.99759,STU
9304453198000,6.770232,-2.63467642877442,6.21434376714032,1.88525315559503,0.74464476,-1.0680978,1.600467,181.62769,-56.5224,-31.60658,STU
9304457949000,6.774983,-2.12284183179396,6.45679183529702,1.57545842007105,0.79412484,-1.1585059,1.6734654,182.16238,-56.81998,-31.187347,STU
9304462955000,6.779989,-1.66954370773449,6.7801038310798,1.24045452393154,0.8426886,-1.1856894,1.738217,182.69518,-57.23607,-30.670095,STU
9304468661000,6.785695,-1.20968855694024,7.19345686230144,0.8529361414618,0.8558222,-1.1734722,1.78617,183.23334,-57.664593,-30.137587,STU
9304473081000,6.790115,-0.917086653772003,7.54586144572506,0.560071592667645,0.8738427,-1.1432343,1.8234328,183.74818,-58.222687,-29.505083,STU
9304477969000,6.795003,-0.637512925356245,7.95786473792959,0.241259464738055,0.8857546,-1.0626001,1.8329011,184.23953,-58.782383,-28.875513,STU
9304482953000,6.799987,-0.440733598332486,8.30200927045016,-0.051129503361447,0.890947,-0.9334021,1.8457294,184.68936,-59.46125,-28.159233,STU
9304487945000,6.804979,-0.299852048636317,8.59834643293365,-0.323176601274261,0.9049969,-0.75625116,1.7993035,185.10487,-60.12376,-27.470577,STU
9304493624000,6.810658,-0.281764527735831,8.85095078157482,-0.51240049582271,0.9211848,-0.54641896,1.6514742,185.47456,-60.85045,-26.75573,STU
9304498001000,6.815035,-0.318757976332614,9.01536576054128,-0.615160077642675,0.9416488,-0.30298916,1.5757269,185.78313,-61.579006,-26.053253,STU
9304502973000,6.820007,-0.45934819763019,9.20388686358658,-0.652137361738524,0.95447695,-0.048258353,1.400714,186.02808,-62.302975,-25.394196,STU
9304507952000,6.824986,-0.663506859796873,9.39380227402171,-0.637893708434731,0.95447695,0.19456059,1.2140946,186.21512,-62.99579,-24.779888,STU
9304512950000,6.829984,-0.843502971278707,9.60550642680276,-0.530195401244684,0.9618073,0.35979962,1.0916162,186.3408,-63.67971,-24.199915,STU
9304518621000,6.835655,-1.02828351017862,9.8621458408468,-0.335149323300255,0.95294976,0.47586402,1.0488557,186.42168,-64.323166,-23.666466,STU
9304523054000,6.840088,-1.21037260029499,10.0447112727088,-0.234260139161835,0.926988,0.5363397,1.0500773,186.45192,-64.93039,-23.17611,STU
9304528011000,6.845045,-1.44698527138643,10.2330359265588,-0.166656511646831,0.89552844,0.5742133,1.078788,186.46246,-65.52089,-22.700346,STU
9304532961000,6.849995,-1.67698845914487,10.299123512173,-0.126673025792757,0.84879726,0.571159,1.1187997,186.4622,-66.086624,-22.235931,STU
9304537945000,6.854979,-1.9026773667505,10.2511041262575,-0.112267350412475,0.8127562,0.53023106,1.1520919,186.4688,-66.64475,-21.771938,STU
9304543074000,6.860108,-2.17078178782308,10.1327142158719,-0.0886647795902803,0.7770206,0.47616947,1.1563679,186.4654,-67.172966,-21.329542,STU
9304548218000,6.865252,-2.47116652921369,9.95338018165271,-0.0572812987901347,0.7302894,0.41722095,1.1508701,186.48203,-67.691795,-20.885824,STU
9304552951000,6.869985,-2.67682120915842,9.80167482394802,-0.0591468571711015,0.67103547,0.35246924,1.1398746,186.48749,-68.17014,-20.474585,STU
9304557953000,6.874987,-2.75092881064356,9.66828145080446,-0.123373493102001,0.61544675,0.2510656,1.1432343,186.52757,-68.63717,-20.063967,STU
9304562960000,6.879994,-2.85117910074811,9.54988299635791,-0.206606954861699,0.5693264,0.13683382,1.135293,186.5539,-69.03733,-19.71297,STU
9304569011000,6.886045,-3.02230613387144,9.43579850615218,-0.343508438409292,0.52839845,0.04917465,1.1108584,186.60777,-69.42147,-19.368967,STU
9304573174000,6.890208,-3.15056818507762,9.37193245738608,-0.463304519521282,0.5030475,0.004276057,1.0790935,186.66959,-69.783,-19.045485,STU
9304577970000,6.895004,-3.31156584636955,9.31673258678017,-0.633502152843265,0.48991394,-0.013133603,1.0644327,186.753,-70.13341,-18.727304,STU
9304582922000,6.899956,-3.46117432836687,9.24904689570434,-0.790870393537152,0.4877759,0.02076942,1.0369438,186.80502,-70.45484,-18.443998,STU
9304587948000,6.904982,-3.58225201044892,9.16056721942724,-0.916604905804954,0.46578476,0.08582657,1.01312,186.85605,-70.76436,-18.169016,STU
9304593090000,6.910124,-3.68744158558574,9.08234643482732,-1.02118436031365,0.45845437,0.16707164,0.9944886,186.8676,-71.05364,-17.926579,STU
9304598168000,6.915202,-3.74995472909418,9.03233625074985,-1.0711948490102,0.4456262,0.23487769,0.9795224,186.86723,-71.32911,-17.695723,STU
9304603360000,6.920394,-3.81669179877411,8.98406951119647,-1.11990095979078,0.42852196,0.26450464,0.96761054,186.83423,-71.58338,-17.491661,STU
9304607959000,6.924993,-3.9426748563256,9.00926591222622,-1.10550288747957,0.41172317,0.26328292,0.9575313,186.79367,-71.827065,-17.296349,STU
9304612954000,6.929988,-4.07950577010461,9.0366318663779,-1.08986505943119,0.39828414,0.21685717,0.92149025,186.7453,-72.04776,-17.124538,STU
9304618270000,6.935304,-4.31969342599002,9.10307850809325,-1.02918259287998,0.3680463,0.13561209,0.88422745,186.71078,-72.256836,-16.958708,STU
9304622990000,6.940024,-4.60499923887814,9.19051070599613,-0.941750231605416,0.33567044,0.053450707,0.83016586,186.6943,-72.444885,-16.81019,STU
9304627937000,6.944971,-4.90572480132689,9.25069331331002,-0.884232241577865,0.27916542,-0.040011674,0.78893244,186.68823,-72.59443,-16.690878,STU
9304632961000,6.949995,-5.21256082124049,9.28533627895495,-0.85453841719605,0.22479841,-0.089186326,0.7324274,186.69647,-72.71866,-16.593086,STU
9304637950000,6.954984,-5.42910528131828,9.22796106150739,-0.821687023317727,0.1572978,-0.0983493,0.7110472,186.696,-72.788506,-16.538927,STU
9304643656000,6.96069,-5.6097010980079,9.09251414660791,-0.781554613788672,0.099265605,-0.07788532,0.6939429,186.70251,-72.838524,-16.50059,STU
9304647981000,6.965015,-5.6955930153021,8.93915824946868,-0.706163712134399,0.08093964,-0.077579886,0.7031059,186.68811,-72.84283,-16.50366,STU
9304652972000,6.970006,-5.7342917776136,8.70212843133286,-0.565880622988564,0.11209377,-0.09560041,0.72021013,186.67255,-72.843216,-16.509945,STU
9304657959000,6.974993,-5.72380646224033,8.4332059431965,-0.371617419845244,0.2003638,-0.1704314,0.7449502,186.65019,-72.81621,-16.542511,STU
9304662948000,6.979982,-5.65257280518835,8.12452737421727,-0.110427884326608,0.33383787,-0.31306845,0.7504479,186.65248,-72.79404,-16.573923,STU
9304668002000,6.985036,-5.54759691144458,7.79979740716117,0.157066364578972,0.4804455,-0.41386122,0.7305948,186.64967,-72.75348,-16.623285,STU
9304673030000,6.990064,-5.40125169225947,7.46137394453414,0.426890559674803,0.5549711,-0.62888575,0.7165449,186.72156,-72.720505,-16.663273,STU
9304677972000,6.995006,-5.24547899103792,7.1594430740519,0.647602415473054,0.68691796,-0.8542951,0.6753115,186.81487,-72.66998,-16.719166,STU
9304682955000,6.999989,-5.06450026028942,6.91655066776447,0.780955134083832,0.8072584,-1.054048,0.6273586,186.96225,-72.61917,-16.775682,STU
9304687926000,7.00496,-4.87047002290895,6.72051545346071,0.883349776935075,0.8918633,-1.2229522,0.57360244,187.16197,-72.5522,-16.83497,STU
9304693587000,7.010621,-4.61678636383311,6.6095286732599,0.92563037758335,0.93615097,-1.3365731,0.5348125,187.40016,-72.48473,-16.897827,STU
9304697988000,7.015022,-4.41102965206612,6.56066658264463,0.935440306198347,0.94134337,-1.4162911,0.4999932,187.67267,-72.4196,-16.95017,STU
9304702985000,7.020019,-4.15645602266553,6.59703441351762,0.889980731214971,0.926988,-1.464244,0.46089783,187.96365,-72.348305,-17.009409,STU
9304707958000,7.024992,-3.90197731560763,6.65096889158062,0.83963264953336,0.8885035,-1.4859297,0.4184427,188.27243,-72.30093,-17.039972,STU
9304712958000,7.029992,-3.6404977683479,6.79359399086577,0.763565880272041,0.8436049,-1.4856243,0.37843102,188.58318,-72.24573,-17.077015,STU
9304718031000,7.035065,-3.36361052129389,6.97301747545514,0.670476108224968,0.7840455,-1.4746287,0.35155296,188.91612,-72.23316,-17.07363,STU
9304723202000,7.040236,-3.02149890121099,7.33525329612321,0.493383016994473,0.73792523,-1.4337007,0.32498032,189.23503,-72.210365,-17.0796,STU
9304727938000,7.044972,-2.70816673476105,7.66701675516092,0.331187526747399,0.6960809,-1.4123205,0.29932398,189.57788,-72.236946,-17.03872,STU
9304732961000,7.049995,-2.52271916073163,7.9308510705859,0.231710874908298,0.6545421,-1.3713925,0.28191432,189.89833,-72.2571,-17.0027,STU
9304737938000,7.054972,-2.40458752221671,8.15293865559631,0.165557135630019,0.62858033,-1.3771957,0.2660318,190.22223,-72.27088,-16.970919,STU
9304744166000,7.0612,-2.33587209584498,8.39561534474116,0.122509818607924,0.6084218,-1.400714,0.26206118,190.58441,-72.38822,-16.847212,STU
9304748109000,7.065143,-2.31038955080497,8.54122942625084,0.104308068492432,0.59406644,-1.4468343,0.27030787,190.95143,-72.50371,-16.72329,STU
9304752973000,7.070007,-2.2984335,8.65908970969207,0.0753691282083796,0.59040123,-1.5259414,0.29046643,191.35477,-72.65586,-16.564049,STU
9304757950000,7.074984,-2.2984335,8.74089515880868,0.0416844887143867,0.57757306,-1.6062702,0.30207285,191.76825,-72.80643,-16.40359,STU
9304762955000,7.079989,-2.30114454394175,8.83741999798516,-0.041756770609946,0.5830709,-1.6533068,0.312763,192.20227,-72.98082,-16.222126,STU
9304769081000,7.086115,-2.30651751553256,8.96637120395641,-0.181454127347742,0.5925393,-1.724778,0.32253686,192.66248,-73.157684,-16.035135,STU
9304773153000,7.090187,-2.32227177313855,9.05211294502042,-0.277312189396795,0.6081163,-1.7275269,0.3381139,193.11409,-73.346344,-15.840511,STU
9304778072000,7.095106,-2.35187185177506,9.15571278238559,-0.395711978507697,0.61727935,-1.6957619,0.33353242,193.57196,-73.53254,-15.648414,STU
9304782953000,7.099987,-2.39534736841896,9.2306973563777,-0.514841239102361,0.6420194,-1.6520851,0.32711834,194.02858,-73.736015,-15.450162,STU
9304787940000,7.104974,-2.45219263911922,9.28280562011506,-0.638006076375719,0.6704246,-1.5806139,0.32895094,194.46281,-73.940895,-15.253608,STU
9304793022000,7.110056,-2.50970527660919,9.32669445084409,-0.823120372528663,0.6618725,-1.4816537,0.32589662,194.8776,-74.14526,-15.066255,STU
9304798005000,7.115039,-2.56571105664891,9.36115978848063,-1.06006789308477,0.655153,-1.359786,0.31703907,195.2606,-74.349434,-14.88411,STU
9304802981000,7.120015,-2.66691280923354,9.37014370115552,-1.28785260923354,0.63346726,-1.1829406,0.31764993,195.59865,-74.547615,-14.716304,STU
9304807960000,7.124994,-2.87416388216898,9.319594156896,-1.49510368216898,0.5726862,-0.9923506,0.29626966,195.89442,-74.731,-14.562238,STU
9304812953000,7.129987,-3.05771144656877,9.32249924333233,-1.64177229173909,0.5140431,-0.8072584,0.27763826,196.1409,-74.9125,-14.424772,STU
9304819223000,7.136257,-3.24365123709919,9.4244670677255,-1.71374902323444,0.46517387,-0.63713247,0.25473082,196.33463,-75.079185,-14.300341,STU
9304823176000,7.14021,-3.3651881852518,9.47375345323741,-1.78272428723022,0.41874814,-0.47739118,0.26511553,196.46407,-75.21133,-14.216179,STU
9304828779000,7.145813,-3.54212093749001,9.52736937090328,-1.90604100983213,0.38759398,-0.32711834,0.27885997,196.54616,-75.33196,-14.141872,STU
9304832949000,7.149983,-3.67076170782813,9.5386542705513,-1.95178405411026,0.3830125,-0.17073683,0.28680122,196.57048,-75.4275,-14.09452,STU
9304837938000,7.154972,-3.82074385067687,9.51521957602511,-1.94709711520502,0.37965274,-0.024740042,0.28802297,196.55396,-75.51911,-14.048463,STU
9304842986000,7.16002,-3.94868039179053,9.46086297249274,-1.89871118614386,0.37904188,0.10934488,0.26816985,196.48965,-75.57899,-14.037829,STU
9304848152000,7.165186,-4.03743386934051,9.3509771303605,-1.77192035262259,0.39370266,0.21410827,0.23976462,196.3926,-75.633385,-14.031386,STU
9304853127000,7.170161,-4.11853436424638,9.24586452011199,-1.64968029524965,0.40133846,0.3118467,0.2098322,196.24919,-75.64591,-14.06475,STU
9304857949000,7.174983,-4.12715393113392,9.15535897778815,-1.52900626881941,0.40469822,0.40775254,0.18234327,196.07796,-75.648026,-14.106206,STU
9304862919000,7.179953,-4.13603805544564,9.06207557974802,-1.40462843568829,0.40317106,0.4569272,0.16523905,195.88663,-75.609505,-14.180825,STU
9304868015000,7.185049,-3.94311306842241,9.09768361645363,-0.938254320644248,0.40653083,0.54825157,0.16432275,195.65724,-75.56576,-14.258863,STU
9304872993000,7.190027,-3.7263603920048,9.15084961302222,-0.4352242605516,0.39614612,0.59406644,0.16584991,195.42957,-75.514984,-14.339508,STU
9304877979000,7.195013,-3.56533030191355,9.20800620369111,-0.0358495404419621,0.37018433,0.63255095,0.16615535,195.18353,-75.447205,-14.43162,STU
9304882954000,7.199988,-3.44963185655172,9.26816915172414,0.278850185517241,0.32650748,0.6310238,0.18112154,194.93858,-75.38174,-14.517632,STU
9304887952000,7.204986,-3.35152661065837,9.33091927929593,0.520133394524944,0.2779437,0.5705481,0.20586158,194.7374,-75.3474,-14.558282,STU
9304894207000,7.211241,-3.2524942608091,9.41247576864728,0.724023583817952,0.23243423,0.3753767,0.2452624,194.5793,-75.31961,-14.589517,STU
9304898030000,7.215064,-3.20388638865291,9.46092467055539,0.762904565490079,0.18875736,0.29138273,0.26419923,194.4374,-75.30281,-14.601898,STU
9304903290000,7.220324,-3.14863519970087,9.52622125845049,0.732767529494466,0.18051068,0.109650314,0.29840767,194.38268,-75.300255,-14.597212,STU
9304908010000,7.225044,-3.1096033256182,9.54936262255193,0.593904102453017,0.14569137,-0.054061573,0.32284227,194.3682,-75.30733,-14.575859,STU
9304912966000,7.23,-3.08143550009891,9.53058423560831,0.312226631592483,0.11056661,-0.20311269,0.3475823,194.40152,-75.3223,-14.544328,STU
9304918001000,7.235035,-3.0512746633896,9.50794308334932,-0.000784448672549412,0.0983493,-0.34605515,0.3726278,194.49133,-75.35354,-14.495501,STU
9304923239000,7.240273,-3.01759516741799,9.47907480040284,-0.366448364548245,0.103847094,-0.45753807,0.37782016,194.61273,-75.384285,-14.444854,STU
9304927935000,7.244969,-2.98557446390017,9.46338078379717,-0.670938944716252,0.1328632,-0.4981606,0.39950588,194.74255,-75.44342,-14.373913,STU
9304932958000,7.249992,-2.947460704021,9.46814509705853,-0.947263522262058,0.16890424,-0.50335294,0.40591997,194.89214,-75.499725,-14.305587,STU
9304937922000,7.254956,-2.91825303724315,9.47814444178082,-1.17438872517123,0.21013765,-0.49296826,0.4175264,195.04692,-75.58306,-14.222091,STU
9304944203000,7.261237,-2.90680867522831,9.50675549619483,-1.32316632762557,0.24251351,-0.44990227,0.42821655,195.19177,-75.6684,-14.138241,STU
9304948223000,7.265257,-2.90368343780284,9.52412336944952,-1.41156838333466,0.26175576,-0.41691554,0.43249258,195.34128,-75.77299,-14.043129,STU
9304953018000,7.270052,-2.9109787775836,9.54236181412344,-1.49911295585829,0.26206118,-0.3659083,0.44135013,195.47174,-75.88086,-13.945625,STU
9304957924000,7.274958,-2.91844299801414,9.5610224626261,-1.58868410764159,0.26511553,-0.3387248,0.44593164,195.59793,-75.99648,-13.843853,STU
9304962948000,7.279982,-2.93272677754972,9.60558261175188,-1.65388257103805,0.24220806,-0.28160888,0.44532076,195.69995,-76.10982,-13.743404,STU
9304969282000,7.286316,-2.95476278138225,9.67719978239942,-1.71999046748706,0.22937989,-0.17806722,0.46609017,195.77988,-76.22882,-13.637763,STU
9304973172000,7.290206,-2.98440235165456,9.75968528177966,-1.74095271549637,0.2134974,-0.13408493,0.46883908,195.85716,-76.343925,-13.53665,STU
9304977997000,7.295031,-3.03102065270379,9.88555440254237,-1.75493820581114,0.20555615,-0.03268129,0.48472157,195.8873,-76.465675,-13.429099,STU
9304982957000,7.299991,-3.0766014506068,10.0367024520631,-1.75253235533981,0.17898351,0.069027774,0.49480084,195.90587,-76.58379,-13.324271,STU
9304987944000,7.304978,-3.12007197162217,10.2105842335154,-1.73321216860841,0.16737708,0.15821409,0.50854534,195.89929,-76.70466,-13.21646,STU
9304993041000,7.310075,-3.16369958737915,10.367089208824,-1.71032105347161,0.14630222,0.23609942,0.5137377,195.86667,-76.818436,-13.114677,STU
9304998006000,7.31504,-3.20548967557567,10.5008178052382,-1.68524697437159,0.12675454,0.3100141,0.52626044,195.81068,-76.934654,-13.009505,STU
9305002979000,7.320013,-3.23953836664849,10.6247249805868,-1.65347555329916,0.105374254,0.3387248,0.52412236,195.74603,-77.04353,-12.909976,STU
9305007951000,7.324985,-3.24992463551096,10.7182017257062,-1.60154415476061,0.093462385,0.36193767,0.50823987,195.66357,-77.148476,-12.813489,STU
9305012955000,7.329989,-3.25230178556661,10.7910638251414,-1.5705963,0.08307768,0.36041048,0.50243664,195.57503,-77.25058,-12.718276,STU
9305017983000,7.335017,-3.24290990914765,10.8333271709577,-1.5705963,0.094989546,0.33933565,0.4886922,195.48785,-77.34302,-12.632118,STU
9305022978000,7.340012,-3.24909683284657,10.865300170234,-1.55325880640128,0.10842858,0.31520647,0.464563,195.40125,-77.42972,-12.550265,STU
9305027939000,7.344973,-3.2823608390078,10.8795559743949,-1.5057387479796,0.13683382,0.2706133,0.45356745,195.32895,-77.51393,-12.470522,STU
9305032931000,7.349965,-3.34187899011985,10.8954169231219,-1.43859441645718,0.15332718,0.1908954,0.43218717,195.2685,-77.592,-12.396218,STU
9305037944000,7.354978,-3.44946901894183,10.9141281178018,-1.33568225957322,0.17867808,0.09010262,0.40408736,195.22917,-77.66294,-12.328692,STU
9305043006000,7.36004,-3.57268007876433,10.9300703168836,-1.2230588908879,0.20066923,-0.038789943,0.38820487,195.21245,-77.72446,-12.269653,STU
9305048099000,7.365133,-3.72903963155236,10.9395468393239,-1.09039024839712,0.21563543,-0.19272798,0.37690386,195.23369,-77.77773,-12.218308,STU
9305052958000,7.369992,-3.89076863423638,10.9498110429691,-0.987772012558301,0.24495697,-0.35705075,0.38789943,195.28522,-77.81144,-12.18568,STU
9305057947000,7.374981,-4.09464718630545,10.9640349161457,-0.954582488310013,0.24740042,-0.43188173,0.40469822,195.3554,-77.84327,-12.154608,STU
9305062964000,7.379998,-4.22811539295775,11.0175424319249,-0.914776126138498,0.25381452,-0.5290093,0.39614612,195.45851,-77.842125,-12.155946,STU
9305069232000,7.386266,-4.09894824507042,11.2465206134585,-0.838450173935837,0.26328292,-0.5537493,0.3753767,195.56119,-77.84311,-12.155164,STU
9305073212000,7.390246,-4.00461809337515,11.4455191571933,-0.784382135770286,0.310625,-0.5299256,0.37110063,195.65633,-77.81116,-12.187331,STU
9305078033000,7.395067,-3.85530382381419,11.8391658077225,-0.702937978858291,0.31642818,-0.46273044,0.37720928,195.74454,-77.77814,-12.220442,STU
9305083032000,7.400066,-3.69601303946206,12.2860202276194,-0.617386845696507,0.35155296,-0.38240165,0.38026363,195.83115,-77.77087,-12.228038,STU
9305087968000,7.405002,-3.51573386282617,12.9264860429546,-0.527247232609394,0.37201694,-0.2919936,0.38912117,195.89407,-77.76817,-12.231034,STU
9305093057000,7.410091,-3.31795538330946,13.5860952583787,-0.44852796781629,0.376293,-0.18753563,0.39187005,195.95326,-77.80809,-12.191376,STU
9305098022000,7.415056,-3.06824793086031,14.2262545680321,-0.439447687767593,0.36193767,-0.08399397,0.39950588,195.98582,-77.851776,-12.147937,STU
9305103093000,7.420127,-2.81057897595521,14.8639492149101,-0.437800505551518,0.31856623,0.0030543262,0.41233405,196.02034,-77.95282,-12.047008,STU
9305107951000,7.424985,-2.53639681518515,15.3072101028386,-0.515485436788135,0.27855456,0.06688975,0.4269948,196.03166,-78.054214,-11.945707,STU
9305113153000,7.430187,-2.24492339369453,15.7611081411592,-0.597392607262484,0.21227567,0.0983493,0.45478916,196.06432,-78.22836,-11.771591,STU
9305119177000,7.436211,-1.94660772599367,15.903587340974,-0.668632142080729,0.15577064,0.0852157,0.473726,196.09174,-78.39869,-11.6012745,STU
9305123012000,7.440046,-1.75669395015822,15.9942924756502,-0.713984667981786,0.07422013,0.08002335,0.49388456,196.14575,-78.633385,-11.366576,STU
9305127969000,7.445003,-1.48873969979151,15.9997592827061,-0.725367477921401,-0.03023783,0.055283304,0.5225952,196.20891,-78.86782,-11.132049,STU
9305132951000,7.449985,-1.19032433957052,15.8604985423746,-0.675631610518086,-0.13500121,0.026267206,0.5329799,196.27438,-79.09488,-10.904651,STU
9305137950000,7.454984,-0.977389375765015,15.639887453573,-0.55042668449452,-0.2519819,0.00030543262,0.5170974,196.37865,-79.367294,-10.631423,STU
9305144263000,7.461297,-0.813057031679088,15.2635136448049,-0.301277699182815,-0.3753767,-0.0421497,0.48655418,196.49477,-79.62837,-10.368374,STU
9305148011000,7.465045,-0.786075453476227,14.9836001567838,-0.140594942056359,-0.53023106,-0.09896017,0.4297437,196.63837,-79.90504,-10.087137,STU
9305153025000,7.470059,-0.948034090773583,14.4507037701012,0.110179637852247,-0.68966687,-0.15210545,0.3494149,196.79134,-80.15374,-9.829868,STU
9305157943000,7.474977,-1.18086740917001,13.9453991765568,0.331637991402874,-0.84757555,-0.17745635,0.32467487,196.94717,-80.397705,-9.568661,STU
9305162946000,7.47998,-1.53216829695962,13.4582623145958,0.518998473042331,-0.9294315,-0.22449298,0.26725355,197.12231,-80.59452,-9.346012,STU
9305167998000,7.485032,-1.91004344470304,12.9503815358764,0.671228212372767,-1.0726794,-0.2602286,0.22876903,197.2789,-80.72769,-9.166618,STU
9305173261000,7.490295,-2.34811650507001,12.390621460647,0.758842834611299,-1.187522,-0.30115658,0.19150625,197.4474,-80.82639,-9.006837,STU
9305177933000,7.494967,-2.74176000162037,11.8810927523148,0.827107999583333,-1.2770138,-0.3042109,0.17012598,197.56918,-80.82543,-8.920858,STU
9305182955000,7.499989,-3.17740055868559,11.3002385077496,0.875512528387681,-1.3347405,-0.2959642,0.15485434,197.69566,-80.7933,-8.845132,STU
9305187939000,7.504973,-3.61742321218204,10.7295534400148,0.908532568463602,-1.3704761,-0.26419923,0.13194689,197.76547,-80.6513,-8.8561945,STU
9305194189000,7.511223,-4.19321864044954,10.0319555073536,0.902996077852188,-1.4034629,-0.19730948,0.028099801,197.82036,-80.46427,-8.895902,STU
9305198091000,7.515125,-4.55089851090909,9.60693054545455,0.898826866545455,-1.432479,-0.18509217,-0.017104227,197.83362,-80.18981,-9.004998,STU
9305203029000,7.520063,-4.99424482323864,9.12328009943182,0.889870353943182,-1.4437801,-0.16462818,-0.11789699,197.82481,-79.8638,-9.160414,STU
9305208201000,7.525235,-5.45031189397736,8.61233185792793,0.871855982459172,-1.4651603,-0.17654006,-0.22357668,197.76434,-79.425354,-9.418632,STU
9305213014000,7.530048,-5.75698920062214,8.07465101266742,0.732457312572367,-1.4850134,-0.20525073,-0.34880406,197.70277,-78.95351,-9.709792,STU
9305217977000,7.535011,-6.07322428744491,7.52021302492007,0.588714200449322,-1.5008959,-0.26542094,-0.46120325,197.5997,-78.37171,-10.110127,STU
9305223217000,7.540251,-6.32947474857846,7.23882890912331,0.426662477613511,-1.5039502,-0.31978795,-0.5681047,197.50325,-77.763504,-10.540953,STU
9305228686000,7.54572,-6.56506017372486,7.06991854475091,0.253307068963761,-1.4886786,-0.3662137,-0.68569624,197.42227,-77.13182,-11.001293,STU
9305233012000,7.550046,-6.64795647719541,7.02175739442909,0.100174659622581,-1.4837917,-0.37751472,-0.7968737,197.30061,-76.41308,-11.561294,STU
9305238019000,7.555053,-6.57148740771848,7.10842225111631,-0.103742292949181,-1.4645494,-0.37873647,-0.9062186,197.18898,-75.67937,-12.148293,STU
9305242990000,7.560024,-6.48325262304324,7.22711538948938,-0.246263677501864,-1.4309518,-0.35185838,-1.010982,197.0475,-74.89716,-12.803672,STU
9305248263000,7.565297,-6.37502822871785,7.39180475997018,-0.326255711496459,-1.4144585,-0.3118467,-1.0955868,196.90184,-74.10391,-13.478762,STU
9305253269000,7.570303,-6.26173386536688,7.576430760587,-0.382991959337526,-1.3988814,-0.28130344,-1.1575897,196.77136,-73.32688,-14.153042,STU
9305257978000,7.575012,-6.13882738582809,7.79388043532495,-0.406627802561845,-1.3942999,-0.2593123,-1.1960741,196.63101,-72.54623,-14.839013,STU
9305262989000,7.580023,-6.01562480643366,8.02839538455531,-0.407818825385141,-1.3949108,-0.20250183,-1.2547172,196.49345,-71.784775,-15.515391,STU
9305268782000,7.585816,-5.88563544020307,8.30462358664454,-0.36990522111686,-1.3875804,-0.05955936,-1.3524556,196.32526,-71.01686,-16.2114,STU
9305273144000,7.590178,-5.74193322518519,8.50645412652653,-0.256391929941942,-1.4062119,0.004276057,-1.3726143,196.18959,-70.287865,-16.85981,STU
9305278039000,7.595073,-5.51903758722222,8.72465695885886,-0.0147261498843843,-1.4086553,0.13469578,-1.4285084,195.99696,-69.54098,-17.547869,STU
9305282942000,7.599976,-5.2957776662963,8.9432164046046,0.227334589568569,-1.4272866,0.25625798,-1.4792101,195.81575,-68.82298,-18.20006,STU
9305288016000,7.60505,-5.06473119703704,9.16939846206206,0.477837586098098,-1.4404203,0.3717115,-1.5085317,195.59816,-68.10887,-18.859568,STU
9305292969000,7.610003,-4.82104459483641,9.39149393610655,0.762243008296496,-1.4379768,0.46395215,-1.5402967,195.36237,-67.388405,-19.53,STU
9305298147000,7.615181,-4.53387904178168,9.6260127076537,1.13077216303639,-1.4489723,0.48716503,-1.5531249,195.11226,-66.67368,-20.19654,STU
9305302932000,7.619966,-4.25374284920366,9.84612824606809,1.45951834178778,-1.4419475,0.41630468,-1.5656476,194.9378,-66.043655,-20.742182,STU
9305308026000,7.62506,-3.91867280423054,10.0889324427633,1.78002008425244,-1.3884968,0.2574797,-1.5528195,194.78197,-65.43424,-21.27065,STU
9305312935000,7.629969,-3.58881874476048,10.3251631541916,2.0425945055015,-1.3136657,0.0070249503,-1.5311338,194.72287,-64.88516,-21.701511,STU
9305319149000,7.636183,-3.14895056863772,10.6314003300898,2.22633686918039,-1.2140946,-0.2947425,-1.4749341,194.72304,-64.37088,-22.096472,STU
9305323014000,7.640048,-2.87092496164784,10.8110933592715,2.29942307020841,-1.0876455,-0.6261369,-1.400714,194.85869,-63.946243,-22.362732,STU
9305327985000,7.645019,-2.49074212641215,10.9872758046358,2.18351370936891,-0.9682214,-0.95905846,-1.3121386,195.07674,-63.56267,-22.581213,STU
9305332993000,7.650027,-2.1189378161988,11.1529748123993,2.05786979204478,-0.84879726,-1.2550226,-1.2168436,195.42497,-63.29812,-22.65425,STU
9305337953000,7.654987,-1.85305161282334,11.2093751991349,1.8524123400899,-0.729984,-1.505172,-1.133155,195.84535,-63.077145,-22.681026,STU
9305343097000,7.660131,-1.57730188900008,11.2678678582817,1.63933307943347,-0.62858033,-1.7079792,-1.0372492,196.38574,-62.971188,-22.579796,STU
9305348078000,7.665112,-1.35570349068499,11.2704951543746,1.30417568646191,-0.5458081,-1.8591684,-0.95264435,196.96819,-62.902023,-22.442202,STU
9305352992000,7.670026,-1.1512583526369,11.2562312491412,0.933321646999394,-0.47800204,-1.9199494,-0.88422745,197.5654,-62.868935,-22.273401,STU
9305357954000,7.674988,-0.961172830913749,11.2014700017079,0.617135646883006,-0.43982297,-1.9956968,-0.8512407,198.2397,-62.912567,-22.023813,STU
9305363013000,7.680047,-0.772690831018123,11.1325132251637,0.313725614076288,-0.4260785,-2.0436497,-0.79045963,198.90308,-62.986996,-21.74683,STU
9305368649000,7.685683,-0.602659601328059,11.0101400220401,0.0269146444051992,-0.4129449,-2.0909917,-0.7079928,199.60547,-63.115856,-21.427757,STU
9305373172000,7.690206,-0.480263736526326,10.8959037054724,-0.185238189337854,-0.39064834,-2.1065688,-0.6795876,200.30063,-63.250687,-21.107895,STU
9305378027000,7.695061,-0.368928787635695,10.7386662404171,-0.392205630205459,-0.4016439,-2.11451,-0.6377433,201.01892,-63.432636,-20.740438,STU
9305383027000,7.700061,-0.271036453995707,10.547776431565,-0.587990307707247,-0.40042216,-2.119397,-0.5983425,201.72838,-63.62646,-20.36798,STU
9305388009000,7.705043,-0.204868688318231,10.3475714945632,-0.735310644807901,-0.41233405,-2.1200078,-0.5671884,202.44585,-63.840267,-19.980482,STU
9305393660000,7.710694,-0.155830512615078,10.1121880914281,-0.862809898563791,-0.42058071,-2.094657,-0.5476407,203.14578,-64.06135,-19.590473,STU
9305398305000,7.715339,-0.1340753,9.8692752441074,-0.959241157552777,-0.42485678,-2.0500638,-0.5335908,203.84743,-64.28989,-19.197508,STU
9305403023000,7.720057,-0.1340753,9.56366942918631,-1.04721863380816,-0.43157628,-1.9886718,-0.53878313,204.52914,-64.51729,-18.811075,STU
9305407998000,7.725032,-0.193740858665598,9.23448556792226,-1.20475309199559,-0.4334089,-1.9181169,-0.54733527,205.20389,-64.73635,-18.439436,STU
9305413025000,7.730059,-0.338429118873973,8.89205682308155,-1.45554605285514,-0.42241332,-1.8258762,-0.5626069,205.84923,-64.95567,-18.080599,STU
9305418004000,7.735038,-0.590943663639853,8.53542576849862,-1.63940550787535,-0.398895,-1.6902641,-0.57971114,206.46228,-65.152885,-17.761887,STU
9305423168000,7.740202,-1.00850653490175,8.14063899907891,-1.73810220023027,-0.37110063,-1.5213599,-0.59559363,207.0353,-65.35291,-17.459211,STU
9305429238000,7.746272,-1.49196312244788,7.690666291062,-1.8537757183144,-0.3286455,-1.3191634,-0.6093381,207.55566,-65.521126,-17.231382,STU
9305432968000,7.750002,-1.70289797634428,7.57880680479556,-1.92089132330679,-0.2779437,-1.0928379,-0.61941737,208.01857,-65.69771,-17.023447,STU
9305437975000,7.755009,-1.98604832847812,7.42865118878053,-2.01098457644269,-0.2312125,-0.83260936,-0.62858033,208.3601,-65.77299,-16.980225,STU
9305443636000,7.76067,-2.32662843835454,7.26468665455263,-2.04277809290717,-0.17898351,-0.56596667,-0.6536258,208.63553,-65.857834,-16.96215,STU
9305448100000,7.765134,-2.60497079431785,7.13816728574529,-2.03434348006313,-0.12186762,-0.27885997,-0.6579019,208.82828,-65.95809,-16.962814,STU
9305453140000,7.770174,-2.89964623480004,7.01298825319194,-1.98646130314445,-0.07574729,-0.13897185,-0.67103547,208.96184,-66.0045,-17.057682,STU
9305457951000,7.774985,-3.1670378784953,6.90603170739686,-1.91353630017938,-0.048563786,0.13255776,-0.6844745,208.97537,-66.0581,-17.185774,STU
9305462950000,7.779984,-3.35431378813604,6.83971514364617,-1.80337923921893,-0.003970624,0.37323865,-0.70157874,208.93062,-66.056274,-17.400436,STU
9305468633000,7.785667,-3.5105306941463,6.79237674719492,-1.65663011135949,0.019547688,0.7125743,-0.7189884,208.78027,-66.05138,-17.64439,STU
9305473026000,7.79006,-3.62767683285568,6.76196577001024,-1.52612540716479,0.04153884,0.8173377,-0.7257079,208.61221,-65.99006,-17.948305,STU
9305477964000,7.794998,-3.75352608423746,6.73776401033777,-1.35187263643808,0.04550946,0.9954049,-0.7296785,208.3265,-65.92346,-18.28278,STU
9305482972000,7.800006,-3.84401612769539,6.72101945318637,-1.1576286791523,0.03970624,1.1618657,-0.7464773,208.015,-65.804115,-18.661257,STU
9305487952000,7.804986,-3.8774677557515,6.71624064917836,-0.937803525124248,0.04337143,1.2944235,-0.768163,207.66301,-65.68197,-19.045542,STU
9305493007000,7.810041,-3.89225883404255,6.72067714042553,-0.687084937234043,0.025961773,1.3927728,-0.78954333,207.27812,-65.50712,-19.464222,STU
9305498231000,7.815265,-3.8781289517605,6.73951703264922,-0.385647237072114,0.036651913,1.4193454,-0.82253003,206.87949,-65.32739,-19.887964,STU
9305502962000,7.819996,-3.83265169890642,6.77629233640194,-0.0741867734913948,0.04734206,1.3833044,-0.86101454,206.4901,-65.10848,-20.320444,STU
9305507955000,7.824989,-3.69977908927931,6.86630270849767,0.354434541100753,0.059253927,1.2687671,-0.88178396,206.1193,-64.88662,-20.744654,STU
9305513147000,7.830181,-3.55663290225396,6.96178924804731,0.793509248850703,0.08399397,1.0961977,-0.88453287,205.81047,-64.63907,-21.152798,STU
9305519000000,7.836034,-3.32730027571971,7.09521914380719,1.19796852921223,0.1151481,0.86193085,-0.8582657,205.55598,-64.39732,-21.537859,STU
9305525206000,7.84224,-3.08413638023507,7.23669632355873,1.62682113367552,0.15210545,0.43585235,-0.7867944,205.47615,-64.165016,-21.832342,STU
9305527966000,7.845,-2.82838368347835,7.32860149000943,1.87121809497851,0.20525073,0.2843578,-0.7556403,205.387,-63.93968,-22.12691,STU
9305532950000,7.849984,-2.21792576612853,7.52374784430234,2.36658971020023,0.22785273,-0.042455133,-0.70554936,205.47171,-63.74146,-22.34833,STU
9305537953000,7.854987,-1.79514459032137,7.61273708607405,2.61323178738959,0.267559,-0.35246924,-0.6533204,205.69324,-63.580284,-22.468164,STU
9305543997000,7.861031,-1.57214410541252,7.55834676545762,2.53164619287728,0.31978795,-0.64934975,-0.61178154,206.00125,-63.43878,-22.551378,STU
9305548035000,7.865069,-1.44175798658688,7.51070266033842,2.41917326330995,0.37934732,-0.9111055,-0.5839872,206.57477,-63.376507,-22.432867,STU
9305552968000,7.870002,-1.31502442202848,7.43271270398267,2.18032918102559,0.4343252,-1.0366384,-0.57451874,207.17152,-63.33154,-22.299994,STU
9305557943000,7.874977,-1.21183497321462,7.36014492596064,1.91578495310216,0.46120325,-1.2641857,-0.5543602,207.86292,-63.336643,-22.111437,STU
9305563005000,7.880039,-1.14822774091846,7.29653783598875,1.6068355323149,0.50823987,-1.4263704,-0.5488624,208.55234,-63.356243,-21.922321,STU
9305568041000,7.885075,-1.09845755505756,7.24005885019186,1.31197101131236,0.5439755,-1.5512923,-0.54092115,209.29875,-63.412846,-21.699612,STU
9305573221000,7.890255,-1.08703595321566,7.20198684405219,1.04546680931696,0.57971114,-1.6526959,-0.5335908,210.06485,-63.483585,-21.466887,STU
9305578004000,7.895038,-1.07648971352264,7.16683271174213,0.799387736316193,0.6020077,-1.7308867,-0.5299256,210.835,-63.592434,-21.234863,STU
9305583010000,7.900044,-1.08418132157703,7.14519077859073,0.53789448583279,0.6047566,-1.7712038,-0.52290064,211.60632,-63.711895,-20.995724,STU
9305587978000,7.905012,-1.10191924399292,7.13188729047442,0.276259944980893,0.6197228,-1.8011361,-0.5137377,212.38074,-63.843864,-20.750563,STU
9305593031000,7.910065,-1.12044689640542,7.12752882410136,0.0292044634649381,0.6188065,-1.8191566,-0.4908302,213.13733,-64.00671,-20.517334,STU
9305598227000,7.915261,-1.13999553235121,7.1324159830878,-0.205379331184443,0.61391956,-1.8164078,-0.46395215,213.8838,-64.17901,-20.28001,STU
9305603011000,7.920045,-1.16919338483012,7.15025864890721,-0.398160549469501,0.6105598,-1.7788396,-0.43860126,214.59334,-64.38226,-20.055773,STU
9305607972000,7.925006,-1.21167252642559,7.1832979922114,-0.572796955855355,0.60994893,-1.7363845,-0.39645153,215.28842,-64.598694,-19.820532,STU
9305612957000,7.929991,-1.24769893430311,7.20585591624782,-0.731830607345834,0.6197228,-1.6609426,-0.35155296,215.9511,-64.8409,-19.595942,STU
9305617994000,7.935028,-1.27567405060893,7.21518089010245,-0.871706042818481,0.6386596,-1.5647314,-0.31673363,216.58624,-65.09446,-19.368364,STU
9305623138000,7.940172,-1.3128153911319,7.22290713911319,-0.95967533911319,0.657291,-1.4850134,-0.28221974,217.19664,-65.37001,-19.147778,STU
9305628811000,7.945845,-1.36806728414523,7.22843232841452,-0.965200528414522,0.6930266,-1.425454,-0.24862215,217.77771,-65.66078,-18.925089,STU
9305632955000,7.949989,-1.40887837466195,7.23251341633035,-0.947016104202205,0.74006325,-1.3759739,-0.21471913,218.33894,-65.971375,-18.70656,STU
9305637943000,7.954977,-1.45856537112544,7.23748206409403,-0.897329055856043,0.7861836,-1.3353515,-0.18203785,218.87999,-66.29547,-18.484583,STU
9305643008000,7.960042,-1.49501202501121,7.25067302501121,-0.80360439562528,0.82924956,-1.3243558,-0.14752395,219.40866,-66.62505,-18.270437,STU
9305648032000,7.965066,-1.51657806857911,7.27223906857911,-0.665581626714478,0.88422745,-1.3295482,-0.10354166,219.925,-66.973274,-18.04839,STU
9305653015000,7.970049,-1.532289,7.29574142185098,-0.520880333354515,0.91721416,-1.3222178,-0.07788532,220.4333,-67.31167,-17.838388,STU
9305657947000,7.974981,-1.532289,7.32478699446551,-0.356289216880189,0.9254609,-1.3326025,-0.03023783,220.94168,-67.66852,-17.610771,STU
9305662920000,7.979954,-1.52081361232054,7.35401751080338,-0.200690717524285,0.9456194,-1.3548992,0.01160644,221.45834,-68.01095,-17.391796,STU
9305668679000,7.985713,-1.47588719651767,7.38771220537623,-0.0490639504286732,0.96974856,-1.3811663,0.07819075,221.97171,-68.369934,-17.154503,STU
9305673023000,7.990057,-1.4219860272623,7.42533067082657,0.064071719805829,0.9877691,-1.3918564,0.09315695,222.5002,-68.70501,-16.927862,STU
9305677975000,7.995009,-1.3268201332537,7.48877466325848,0.190959603405638,0.9984592,-1.4092661,0.13500121,223.02838,-69.06212,-16.676685,STU
9305682926000,7.99996,-1.24408576172058,7.54509500061231,0.293124170572507,1.0137309,-1.423316,0.1777618,223.57393,-69.41154,-16.422907,STU
9305687943000,8.004977,-1.19995664136136,7.579417854577,0.317640369029493,1.0320568,-1.425454,0.23182335,224.11284,-69.77309,-16.158272,STU
9305693021000,8.010055,-1.16422592748351,7.61227408733023,0.339332800975941,1.0574077,-1.426065,0.27152961,224.68213,-70.139824,-15.874547,STU
9305698122000,8.015156,-1.15000839930151,7.64070894575087,0.353550289569267,1.0818423,-1.4135422,0.32467487,225.237,-70.522156,-15.578503,STU
9305702972000,8.020006,-1.14180739114761,7.66794777344282,0.366086051147607,1.1044444,-1.3997977,0.37904188,225.81522,-70.91225,-15.270372,STU
9305707944000,8.024978,-1.15134391219708,7.69655733659123,0.375622572197076,1.1472049,-1.3955216,0.42943826,226.38185,-71.31768,-14.955583,STU
9305712965000,8.029999,-1.17376401439654,7.73494610578415,0.389488146779927,1.1884383,-1.3903292,0.49113566,226.95232,-71.73273,-14.633061,STU
9305718006000,8.03504,-1.24013680153196,7.80605970020623,0.417933604350388,1.217149,-1.3863586,0.5525276,227.51147,-72.16006,-14.304217,STU
9305723114000,8.040148,-1.31787068142012,7.88964353311637,0.455117425039448,1.2825116,-1.3891076,0.61300325,228.07852,-72.60201,-13.970053,STU
9305727978000,8.045012,-1.42812288307692,8.00908332230769,0.519431257307692,1.3243558,-1.3930782,0.67164636,228.63443,-73.053314,-13.627523,STU
9305732971000,8.050005,-1.55278686120413,8.14442737442109,0.596290126042038,1.35551,-1.4153748,0.7275405,229.19455,-73.504616,-13.292069,STU
9305737942000,8.054976,-1.73510532565016,8.34370612228358,0.727728979889562,1.389413,-1.4563028,0.7816021,229.75204,-73.970276,-12.948025,STU
9305743820000,8.060854,-1.96452576403411,8.58781818191047,0.888209683778297,1.4080443,-1.5247196,0.82253003,230.31519,-74.41718,-12.6198225,STU
9305748005000,8.065039,-2.24932179007207,8.83599705106081,1.04688176453152,1.42973,-1.57084,0.840856,230.87617,-74.87073,-12.290502,STU
9305753194000,8.070228,-2.6024416417115,9.14371512800731,1.24361997887524,1.4318681,-1.6902641,0.8549059,231.45065,-75.2869,-11.982363,STU
9305757959000,8.074993,-3.02304313337599,9.49361976944876,1.62587552370418,1.4526376,-1.8515326,0.852157,232.04446,-75.70343,-11.678209,STU
9305762924000,8.079958,-3.4620625581406,9.85874493445471,2.02577443397934,1.466382,-2.0506747,0.84879726,232.65086,-76.051865,-11.424656,STU
9305768663000,8.085697,-4.17622248277254,10.3061263956931,2.98251151601615,1.5250251,-2.4599543,0.8472701,233.35794,-76.405975,-11.162814,STU
9305773020000,8.090054,-4.76188073031148,10.6511034522207,3.81286256116132,1.6310102,-2.638327,0.8503244,234.04807,-76.76556,-10.908607,STU
9305778047000,8.095081,-5.67045370884956,10.9645267010932,5.29375260989068,1.6798794,-3.0699034,0.8481864,234.86789,-77.01051,-10.710075,STU
9305782954000,8.099988,-6.65875824867257,11.2336193266007,6.96702070733993,1.7684549,-3.6050212,0.8533788,235.75961,-77.28052,-10.502039,STU
9305787952000,8.104986,-7.89325122110092,11.0621783577982,8.51032534556575,1.813048,-4.195117,0.8384125,236.6904,-77.33524,-10.407256,STU
9305793638000,8.110672,-9.38157003491973,10.7031085989106,10.2068002838303,1.7302758,-4.8218646,0.7538077,237.77429,-77.38004,-10.303423,STU
9305798010000,8.115044,-10.568339171474,10.0973340630595,10.35488464074,1.4822645,-5.3368244,0.54244834,238.83081,-77.065094,-10.386329,STU
9305802976000,8.12001,-11.9306650039785,9.2979135177044,10.1325605647503,1.1142182,-5.5906386,0.21899518,239.99185,-76.702576,-10.483486,STU
9305807965000,8.124999,-12.8608442146077,8.56889060667896,9.16676886709691,0.75502944,-5.575367,-0.14110987,241.06348,-75.913506,-10.829043,STU
9305812946000,8.12998,-13.5596144279861,7.87989329694735,7.81320665982381,0.4529566,-5.359121,-0.49388456,242.18303,-75.059105,-11.204606,STU
9305817985000,8.135019,-13.8131483802677,7.44968952224753,6.39885482158314,0.27275133,-5.009706,-0.7910705,243.2138,-73.9887,-11.810454,STU
9305823122000,8.140156,-13.8738496705581,7.12750561943812,4.93735462585421,0.19364429,-4.6001205,-1.031446,244.19637,-72.88799,-12.447142,STU
9305827978000,8.145012,-13.5784378783284,6.99258308158733,3.59980020207669,0.20341812,-4.197866,-1.185384,245.1314,-71.82545,-13.183169,STU
9305833024000,8.150058,-13.0418844607279,6.96277464196566,2.23854487511052,0.32711834,-3.8121045,-1.2479976,245.96794,-70.78876,-13.931186,STU
9305837949000,8.154983,-12.2803225612069,7.07809402560345,1.14662449987069,0.50823987,-3.443142,-1.2250903,246.80415,-69.90836,-14.686444,STU
9305843020000,8.160054,-11.3676549100862,7.2748618965431,0.150225436633621,0.7290677,-3.2549953,-1.131017,247.58325,-69.08447,-15.420555,STU
9305848040000,8.165074,-10.3325390537623,7.51698968883006,-0.795036841441808,0.93462384,-2.8728993,-1.0882565,248.30858,-68.471565,-16.11349,STU
9305853045000,8.170079,-9.04895301313512,7.84886710579371,-1.65889487262499,1.0198395,-2.4917192,-1.0280862,248.96991,-67.90575,-16.773207,STU
9305857948000,8.174982,-7.84661707819218,8.21856885011499,-2.38872719936006,1.1713341,-2.110234,-0.98532563,249.61792,-67.61717,-17.30838,STU
9305863007000,8.180041,-6.70333366313369,8.67878913038696,-2.93614681349865,1.2742649,-1.7122552,-0.94989544,250.14235,-67.33714,-17.851723,STU
9305868014000,8.185048,-5.57069758705276,9.34271180869439,-3.38982527294434,1.3518448,-1.3213016,-0.90469146,250.63168,-67.30786,-18.237082,STU
9305873086000,8.19012,-4.42148633747006,10.3685415693447,-3.70004177202264,1.3591752,-0.9651671,-0.8362745,251.00546,-67.27964,-18.629002,STU
9305878130000,8.195164,-3.27861931402859,11.3887082319472,-4.00854571944989,1.3625349,-0.62125,-0.73914695,251.31972,-67.46608,-18.856056,STU
9305882956000,8.19999,-2.60898306779862,12.227196195459,-4.17830113028628,1.3564262,-0.27091873,-0.6337727,251.51788,-67.6472,-19.081898,STU
9305887946000,8.20498,-2.17497316276407,13.0103010819348,-4.27736878744324,1.3460416,0.04337143,-0.48502702,251.61325,-67.83867,-19.283014,STU
9305894082000,8.211116,-1.73056790398453,13.9081203914894,-4.296733544294,1.3628404,0.36346483,-0.31887165,251.65509,-68.37776,-19.151344,STU
9305898009000,8.215043,-1.47596750526112,14.460966793617,-4.27491059003868,1.3726143,0.6640105,-0.16157386,251.60736,-68.914825,-18.996683,STU
9305903074000,8.220108,-1.12687098151111,15.1310988355556,-4.12666729333333,1.4034629,0.9456194,-0.01038471,251.51233,-69.588165,-18.683723,STU
9305907951000,8.224985,-0.773036966246465,15.7396932614141,-3.88134237030303,1.4465289,1.1759156,0.1469131,251.35054,-70.2598,-18.344597,STU
9305912956000,8.22999,-0.337183114077761,16.2114093204358,-3.35845695593539,1.4752395,1.3271047,0.31887165,251.17831,-70.9694,-17.936188,STU
9305919329000,8.236363,0.299054860904395,16.6413007297145,-2.38977041249061,1.5057828,1.3649784,0.48930305,250.97864,-71.67299,-17.500366,STU
9305923082000,8.240116,1.33350821753166,17.0610013028856,-0.510519165953913,1.4865406,1.2635747,0.6722572,250.80023,-72.39011,-17.003592,STU
9305927963000,8.244997,3.32283782604007,17.7693958193897,3.21098297013701,1.4419475,0.80970186,0.92087936,250.71823,-73.12271,-16.448915,STU
9305932956000,8.24999,5.1073576140035,18.0000535775286,6.01535123803889,1.3322971,-0.3213151,1.3048081,250.8624,-73.90728,-15.774687,STU
9305937941000,8.254975,6.61536217285729,17.6905937637617,7.7198384511781,1.1343768,-1.7033978,1.7272215,251.21225,-74.72785,-15.031521,STU
9305943037000,8.260071,7.42723639257634,16.7537050928872,8.42959131358566,0.93401295,-2.3744333,2.0815234,251.6183,-75.68738,-14.0569105,STU
9305948196000,8.26523,7.61694967964893,15.2676183063631,8.25342877345036,0.7651087,-3.5705073,2.269059,252.56107,-76.68242,-13.006961,STU
9305952966000,8.27,7.55217234515103,13.7398282228935,7.78313591891892,0.7128797,-4.5533895,2.2898283,253.62213,-77.77726,-11.789783,STU
9305957953000,8.274987,7.04597704536301,11.8618429497615,6.73024992792793,0.7089091,-5.269629,2.2369885,254.92003,-78.84406,-10.5443945,STU
9305962954000,8.279988,6.47139069609127,10.2072584870021,5.55291112109594,0.73364913,-5.7259455,2.068695,256.38782,-79.815926,-9.332968,STU
9305968730000,8.285764,5.71619306317561,8.60892953544043,4.02699816190387,0.8167268,-5.883243,1.6154331,257.95816,-80.64461,-8.216111,STU
9305973130000,8.290164,5.04321110919831,7.60961753075949,2.84582300177215,0.9596693,-5.767179,1.4398094,259.55023,-81.43606,-7.1365814,STU
9305977973000,8.295007,4.1429993778481,6.86596430585443,1.51507510949367,1.0067059,-5.439144,1.0928379,261.12555,-82.02516,-6.2361755,STU
9305982946000,8.29998,3.12912319495331,6.41600953604212,0.483159691893503,1.0815369,-5.001765,0.8552113,262.6349,-82.62499,-5.4447694,STU
9305987943000,8.304977,1.98812650319889,6.39223878817802,-0.0968469531293463,1.1129965,-4.540256,0.70707655,264.0412,-83.147316,-4.736794,STU
9305992963000,8.309997,0.794080996027295,6.56616057460273,-0.893962392353711,1.1542299,-4.2287145,0.59315014,265.38022,-83.67873,-4.198403,STU
9305998030000,8.315064,-0.480523232884651,7.02882830671154,-2.0098080574126,1.2195925,-3.9327505,0.50518554,266.5904,-84.19464,-3.711471,STU
9306002955000,8.319989,-1.69785582686282,7.48250579835308,-2.96037956442057,1.2623531,-3.4855971,0.44501534,267.67523,-84.65046,-3.422592,STU
9306007952000,8.324986,-2.87525586169914,7.95346547105845,-3.56589949487849,1.2363913,-3.0891457,0.41508293,268.6868,-85.092735,-3.1646867,STU
9306012926000,8.32996,-3.93977964956642,8.30599254977454,-4.03033071141172,1.1808025,-2.7940977,0.38912117,269.61975,-85.48618,-3.1699672,STU
9306018815000,8.335849,-4.86409333338536,8.35978916736039,-4.14770422129726,1.1206323,-2.6328292,0.32070425,270.475,-85.81868,-3.2088947,STU
9306023210000,8.340244,-5.54932428406142,8.39287241868512,-4.23172703778114,1.0732902,-2.5873199,0.23701571,271.30096,-86.02268,-3.3891523,STU
9306028281000,8.345315,-6.14797233893815,8.13555864878893,-4.17921372920631,0.9746355,-2.6126707,0.18967366,272.09985,-86.10833,-3.5836623,STU
9306033002000,8.350036,-6.65217768142831,7.88636720994079,-4.1565195199354,0.8353582,-2.6444356,0.16310102,272.8992,-85.99524,-3.883103,STU
9306037945000,8.354979,-6.8390498231204,7.56358789081285,-4.30092097634129,0.6872234,-2.627026,0.1563815,273.6894,-85.78082,-4.192021,STU
9306042981000,8.360015,-7.02943786794366,7.23473564498475,-4.44803927180154,0.573297,-2.5326474,0.14905111,274.4687,-85.43668,-4.5632396,STU
9306047998000,8.365032,-7.09634835702213,6.87572342334004,-4.62798326503018,0.5314528,-2.3759604,0.1337795,275.22162,-94.95421,-4.938005,STU
9306052981000,8.370015,-7.14915883269618,6.51565354778672,-4.81041856504024,0.52656585,-2.1844542,0.101098195,275.93384,-95.37869,-5.3181615,STU
9306057950000,8.374984,-7.1197266,6.28287754285714,-4.90781255942857,0.5873469,-1.954158,0.04428773,276.60034,-95.86269,-5.7307196,STU
9306062922000,8.379956,-7.08219657241379,6.06239016157635,-4.99694572589163,0.7031059,-1.6865989,-0.014049901,277.19812,-96.37633,-6.149185,STU
9306068011000,8.385045,-7.04445906709142,6.02928792619944,-4.93486785814268,0.8561276,-1.4092661,-0.07422013,277.74042,-96.9406,-6.585035,STU
9306072989000,8.390023,-7.00764214623033,6.02468585914664,-4.8520297381504,1.0424415,-1.1068878,-0.13439035,278.1971,-97.54854,-7.030649,STU
9306077980000,8.395014,-6.95748120504457,6.2357098460393,-4.62046491060575,1.212873,-0.79381937,-0.1908954,278.589,-98.19448,-7.4759126,STU
9306082926000,8.39996,-6.90470219455024,6.49480754905794,-4.35656910661467,1.391551,-0.5112942,-0.27672195,278.90292,-98.89919,-7.93715,STU
9306087949000,8.404983,-6.40871368192813,7.267413058915,-3.76129580597788,1.5421293,-0.29168814,-0.36713,279.15836,-99.629135,-8.394907,STU
9306092998000,8.410032,-5.81557525388735,8.15294336878024,-3.0929710685038,1.6511687,-0.1685988,-0.4352415,279.3628,-100.40208,-8.860545,STU
9306098212000,8.415246,-5.26014477369704,8.89328382901554,-2.60661945382505,1.7189748,-0.12736541,-0.47494772,279.5338,-101.16985,-9.319024,STU
9306102974000,8.420008,-4.79682317042568,9.43537049913644,-2.31936001625521,1.7595973,-0.15760323,-0.46517387,279.69434,-101.95638,-9.774977,STU
9306107952000,8.424986,-4.34288994097898,9.93474401652547,-2.07156121591884,1.767844,-0.24129178,-0.43066,279.8442,-102.57975,-10.12657,STU
9306112950000,8.429984,-3.91235136871666,10.3803012625248,-1.86630442250811,1.758681,-0.3915646,-0.36102137,280.02768,-103.19336,-10.464304,STU
9306118024000,8.435058,-3.53609191528902,10.6127545443642,-1.82371464543353,1.7421877,-0.600786,-0.28130344,280.2638,-103.68912,-10.715203,STU
9306123013000,8.440047,-3.20007608445087,10.7186225182081,-1.8743471316763,1.7146988,-0.840856,-0.20891592,280.5576,-104.163795,-10.953337,STU
9306128166000,8.4452,-2.8637415350116,10.7469436991222,-1.98893973936031,1.7024814,-1.0656544,-0.15088372,280.93115,-104.53037,-11.111672,STU
9306132962000,8.449996,-2.55787896986177,10.7191379321965,-2.13723679196852,1.704925,-1.2751812,-0.13408493,281.37085,-104.88634,-11.271121,STU
9306137951000,8.454985,-2.25619537821229,10.6912383881261,-2.28603393368999,1.7351627,-1.3677273,-0.12705997,281.87518,-105.18309,-11.365369,STU
9306143050000,8.460084,-1.96027106759777,10.6634954055487,-2.43399604071584,1.74738,-1.557401,-0.1255328,282.46472,-105.47601,-11.473518,STU
9306148031000,8.465065,-1.6929492475879,10.6353610118561,-2.56297427571545,1.7760907,-1.7085901,-0.1142318,283.11053,-105.741646,-11.532559,STU
9306152974000,8.470008,-1.45103309847711,10.6063312437142,-2.67425578615086,1.7938058,-1.8390098,-0.07086037,283.79913,-106.00514,-11.595612,STU
9306157952000,8.474986,-1.2410403455341,10.5554070955039,-2.71964556611346,1.7971655,-1.951409,-0.01863139,284.52737,-106.259834,-11.629686,STU
9306162952000,8.479986,-1.0628358092235,10.4831623258399,-2.70038017685576,1.8072448,-2.0665572,0.03573562,285.28757,-106.51579,-11.664707,STU
9306168083000,8.485117,-0.896827355383729,10.4057929729133,-2.57607271385073,1.8005253,-2.1792617,0.081855945,286.0474,-106.774765,-11.6851015,STU
9306173097000,8.490131,-0.749235442099702,10.3273841459034,-2.36390933248487,1.7831156,-2.302351,0.10751228,286.8373,-107.03175,-11.709917,STU
9306177970000,8.495004,-0.595503455565058,10.3026039594787,-2.11363888468744,1.7449366,-2.4330764,0.12644911,287.6457,-107.26962,-11.720532,STU
9306182951000,8.499985,-0.425520486408064,10.34145748371,-1.80281287148239,1.7024814,-2.5402832,0.13805555,288.4756,-107.50386,-11.738566,STU
9306187951000,8.504985,-0.278272571266757,10.4562348289295,-1.42967281589275,1.6496416,-2.5967882,0.1572978,289.31244,-107.69106,-11.740886,STU
9306193023000,8.510057,-0.15558822285409,10.6591360156402,-0.981403109733826,1.5830573,-2.62275,0.17806722,290.16312,-107.86784,-11.749735,STU
9306198151000,8.515185,-0.055788119603694,10.889005660008,-0.467238951154387,1.5057828,-2.5793786,0.19456059,290.99213,-107.97768,-11.733284,STU
9306202974000,8.520008,0.00912305619594458,11.1347409474001,0.0891425612326841,1.4049901,-2.4868324,0.21227567,291.80664,-108.068245,-11.713256,STU
9306207960000,8.524994,0.02537426109375,11.3230354352679,0.56336421015625,1.2834278,-2.3774874,0.23609942,292.5906,-108.056564,-11.6595125,STU
9306212953000,8.529987,-0.0279929213064904,11.4215593105254,0.899987979296875,1.1432343,-2.2828035,0.24587326,293.3425,-108.0239,-11.602703,STU
9306218028000,8.535062,-0.0822365525264423,11.5217012426168,1.24214011796875,0.9773844,-2.2262983,0.2574797,294.05518,-107.86949,-11.514749,STU
9306223013000,8.540047,-0.13551822772476,11.620067258671,1.57822453398438,0.8020661,-2.2272146,0.26511553,294.74643,-107.689514,-11.42478,STU
9306227979000,8.545013,-0.18859682331851,11.7180583591174,1.91302798632813,0.6301075,-2.2317963,0.2611449,295.41522,-107.4798,-11.329294,STU
9306232954000,8.549988,-0.314871041665405,11.6894568046934,1.77135398671461,0.46120325,-2.2354615,0.26083946,296.07346,-107.23962,-11.231998,STU
9306237924000,8.554958,-0.463498214451173,11.6218990416351,1.48310729585541,0.3213151,-2.2192733,0.2669481,296.71616,-106.97752,-11.133859,STU
9306243725000,8.560759,-0.657964243109281,11.532256603956,0.977217378769355,0.27488935,-2.180789,0.2666427,297.33173,-106.61505,-11.033441,STU
9306248260000,8.565294,-0.817336279196277,11.4584014115278,0.52242408184373,0.1872302,-2.1084013,0.2773328,297.91904,-106.22551,-10.923914,STU
9306252962000,8.569996,-0.999689225651009,11.3583495581994,0.00115418295632466,0.13805555,-2.019215,0.28008172,298.4934,-105.89963,-10.834492,STU
9306257949000,8.574983,-1.21615191271117,11.2206003784508,-0.618716160156572,0.10476339,-1.9068159,0.27122417,299.02594,-105.57215,-10.739355,STU
9306262949000,8.579983,-1.40717159507959,11.075750105644,-1.17391877354076,0.09193522,-1.779756,0.25595254,299.53827,-105.33487,-10.668513,STU
9306268056000,8.58509,-1.57232414089725,10.9200346454414,-1.66465784355041,0.102319926,-1.65911,0.2501493,300.008,-105.10543,-10.59248,STU
9306273172000,8.590206,-1.71226955666075,10.7562506808763,-2.09432691758437,0.11362094,-1.541213,0.2452624,300.4621,-104.97334,-10.546919,STU
9306277982000,8.595016,-1.81227127927768,10.5926119557924,-2.42160541195974,0.12064589,-1.4263704,0.22724187,300.87225,-104.853,-10.502165,STU
9306282957000,8.599991,-1.88778005773672,10.4186728472236,-2.68367640099408,0.11575896,-1.3521502,0.20922135,301.2851,-104.81158,-10.487102,STU
9306287951000,8.604985,-1.91659416905312,10.2361832415403,-2.81814206993674,0.116675265,-1.2663237,0.19364429,301.65436,-104.77991,-10.471655,STU
9306292971000,8.610005,-1.90888579423937,10.0082074784676,-2.87785187108501,0.11301007,-1.2034045,0.18203785,302.0304,-104.801414,-10.477454,STU
9306298251000,8.615285,-1.83818453696868,9.69240879837808,-2.81186392925056,0.101098195,-1.1475104,0.16218472,302.37756,-104.82874,-10.487563,STU
9306302940000,8.619974,-1.77733098405546,9.45961339086553,-2.7338672395759,0.09193522,-1.1023064,0.13897185,302.72726,-104.87846,-10.508146,STU
9306307954000,8.624988,-1.71858723812825,9.36660213181772,-2.58700800254868,0.07086037,-1.0601566,0.1255328,303.057,-104.92714,-10.53018,STU
9306312943000,8.629977,-1.65999871918907,9.29338525685324,-2.44964676322609,0.048258353,-1.0219775,0.112704635,303.37854,-104.97406,-10.555941,STU
9306318108000,8.635142,-1.59895875374174,9.27158526919348,-2.33192673881005,0.03573562,-0.98990715,0.10262536,303.68527,-105.02249,-10.5838785,STU
9306323272000,8.640306,-1.54094827435971,9.24844184863309,-2.21753651015827,0.014660766,-0.9569204,0.094989546,303.98157,-105.04503,-10.60468,STU
9306327971000,8.645005,-1.5279981458801,9.20959182378897,-2.15710299794724,-0.0076358155,-0.947452,0.093462385,304.27136,-105.067345,-10.627005,STU
9306332937000,8.649971,-1.51431218332854,9.16853431721822,-2.09323561730456,-0.027794369,-0.94225967,0.10751228,304.55615,-105.05895,-10.631694,STU
9306337957000,8.654991,-1.59724618265713,9.12843412770203,-2.06580200024942,-0.032070424,-0.9728029,0.112399206,304.84387,-105.05359,-10.641647,STU
9306342987000,8.660021,-1.68935966769205,9.08838482274692,-2.04177233363818,-0.04550946,-1.0274754,0.10567969,305.13312,-105.04407,-10.6528225,STU
9306348007000,8.665041,-1.79895478623157,9.04519994948085,-2.08491030664863,-0.044898596,-1.110553,0.09865474,305.44577,-105.024315,-10.662269,STU
9306352970000,8.670004,-1.92336720614257,8.9995820073292,-2.18858729437222,-0.041233405,-1.2046263,0.09285152,305.77237,-105.006226,-10.677534,STU
9306357958000,8.674992,-2.0576006299233,8.94807912033071,-2.3065975299233,-0.009162978,-1.2690725,0.086437434,306.12808,-105.00052,-10.711613,STU
9306362948000,8.679982,-2.22420986550453,8.876675247435,-2.47320676550453,0.017715093,-1.3005321,0.09407325,306.49615,-104.99576,-10.74696,STU
9306368056000,8.68509,-2.39999904356083,8.81472594599407,-2.6390724578635,0.053450707,-1.3151928,0.09560041,306.89346,-105.028145,-10.802905,STU
9306372996000,8.69003,-2.58717769578635,8.79132862057369,-2.78413597319486,0.09621128,-1.3072516,0.09437868,307.28778,-105.068886,-10.858605,STU
9306377979000,8.695013,-2.77064902647147,8.77980962384225,-2.91388632698934,0.14294247,-1.2779301,0.089186326,307.6972,-105.15464,-10.93866,STU
9306382955000,8.699989,-2.9320116227069,8.81777708365701,-2.97558377130764,0.18784106,-1.2330315,0.07880162,308.0942,-105.25159,-11.02009,STU
9306387964000,8.704998,-3.08348526939491,8.85756320520316,-3.0262709,0.23548855,-1.178359,0.07269296,308.50415,-105.389046,-11.1220045,STU
9306393037000,8.710071,-3.18762921905875,8.90490131920491,-3.0262709,0.27397305,-1.1285735,0.065973446,308.89728,-105.536674,-11.225746,STU
9306398137000,8.715171,-3.27214688988235,8.95722065676471,-3.01378725138235,0.3145956,-1.0671816,0.06047566,309.28647,-105.71233,-11.348276,STU
9306403030000,8.720064,-3.25377070070588,9.03072550941176,-2.94028244670588,0.35033122,-1.0128145,0.048563786,309.6586,-105.897255,-11.472757,STU
9306407991000,8.725025,-3.21782478179982,9.1137249542774,-2.85615745314646,0.3640757,-0.9560041,0.036651913,310.0248,-106.08894,-11.604663,STU
9306413010000,8.730044,-3.01979865489943,9.27680576153163,-2.6814285033363,0.37995818,-0.9108001,0.03023783,310.3749,-106.288734,-11.736418,STU
9306418071000,8.735105,-2.82011540559819,9.44125126173358,-2.50523738658211,0.38026363,-0.90194255,0.024740042,310.7215,-106.46979,-11.862065,STU
9306423070000,8.740104,-2.63049255505898,9.54235404128271,-2.38587094894029,0.3848451,-0.9059132,0.021685716,311.05536,-106.65483,-11.987303,STU
9306428681000,8.745715,-2.42252274279396,9.61662895576852,-2.28683767792112,0.39064834,-0.93737274,0.020463986,311.39127,-106.84003,-12.114866,STU
9306433004000,8.750038,-2.24352747092777,9.65696697239851,-2.23305339321044,0.37995818,-0.9468411,0.017715093,311.7102,-106.95638,-12.197987,STU
9306438022000,8.755056,-2.01600128156543,9.68601243225547,-2.19432557421175,0.3753767,-0.99173975,0.016187929,312.04468,-107.07521,-12.285609,STU
9306443050000,8.760084,-1.79930056872289,9.71231716616867,-2.17613763323373,0.36377025,-1.047023,0.02565634,312.38184,-107.14628,-12.339828,STU
9306448101000,8.765135,-1.59415475142169,9.73562917426506,-2.18080003485301,0.35796702,-1.1038336,0.028405234,312.72726,-107.22038,-12.400099,STU
9306453141000,8.770175,-1.40905588170308,9.749189,-2.2225643441699,0.34055737,-1.1420126,0.033292156,313.07434,-107.25503,-12.428157,STU
9306457974000,8.775008,-1.25782961418215,9.749189,-2.31235500990402,0.32162055,-1.1658363,0.03634648,313.4289,-107.28972,-12.459737,STU
9306463004000,8.780038,-1.11253900106071,9.75317704392443,-2.4053509855855,0.30176744,-1.1713341,0.0421497,313.78168,-107.29376,-12.462088,STU
9306468750000,8.785784,-0.964769405065695,9.76373222604776,-2.51090054743455,0.2938262,-1.1435398,0.058337633,314.12793,-107.295685,-12.461488,STU
9306473130000,8.790164,-0.867126205819089,9.76999771588284,-2.56197139581447,0.28710666,-1.102001,0.06719518,314.4668,-107.28762,-12.443549,STU
9306477989000,8.795023,-0.78113579637254,9.77429732255382,-2.57487008114201,0.28038713,-1.0201449,0.069027774,314.78253,-107.27818,-12.420516,STU
9306482978000,8.800012,-0.701637152815743,9.78144325197821,-2.57781061406844,0.27305678,-0.92087936,0.08460484,315.07977,-107.25771,-12.3708935,STU
9306487949000,8.804983,-0.66249929130408,9.80101206268626,-2.53378040684411,0.25503623,-0.8142834,0.09101892,315.3476,-107.237305,-12.319704,STU
9306493025000,8.810059,-0.631026851355384,9.82560838603272,-2.46931750842172,0.23457226,-0.70096785,0.09407325,315.58484,-107.201836,-12.246334,STU
9306498083000,8.815117,-0.62667313444005,9.86479174734855,-2.34305967241596,0.20280726,-0.5839872,0.099265605,315.78836,-107.16085,-12.165906,STU
9306503235000,8.820269,-0.621949913528565,9.90404555592895,-2.21341018463754,0.15974127,-0.4813618,0.089491755,315.9631,-107.10465,-12.07652,STU
9306507957000,8.824991,-0.613265971907825,9.93009748506961,-2.07880892856457,0.10354166,-0.37690386,0.093767814,316.10297,-107.03763,-11.976704,STU
9306512937000,8.829971,-0.604107558254441,9.95757283600576,-1.93685334719155,0.035430185,-0.2883284,0.094989546,316.2162,-106.94276,-11.870941,STU
9306518078000,8.835112,-0.649554488041279,9.98760846796771,-1.77704807414938,-0.019242255,-0.19608775,0.09987647,316.29724,-106.840065,-11.758703,STU
9306523624000,8.840658,-0.703755885764512,10.0232568787768,-1.60411071140817,-0.08674286,-0.11728613,0.09621128,316.3549,-106.72489,-11.646256,STU
9306527960000,8.844994,-0.745577467247757,10.0764842364036,-1.4748440389306,-0.14355333,-0.08979719,0.09590584,316.40555,-106.57663,-11.521597,STU
9306532928000,8.849962,-0.793494814297748,10.1374698251236,-1.32673591419154,-0.2134974,-0.04184427,0.09285152,316.43283,-106.39771,-11.396863,STU
9306537963000,8.854997,-0.855997821007731,10.1857790191423,-1.21039528229339,-0.24190263,0.004581489,0.0870483,316.45068,-106.22014,-11.27395,STU
9306543035000,8.860069,-0.923051327401988,10.2304813287318,-1.10310964592306,-0.29046643,0.03573562,0.0888809,316.4577,-106.02721,-11.150248,STU
9306548222000,8.865256,-0.981796221067716,10.2808757068882,-1.01708147508015,-0.32620203,0.05467244,0.096516706,316.45975,-105.81414,-11.027694,STU
9306552969000,8.870003,-1.03037996513164,10.3294599351987,-0.950830940148645,-0.3659083,0.061086524,0.0983493,316.45416,-105.596016,-10.907506,STU
9306557958000,8.874992,-1.11666937692308,10.3662725974394,-0.930368342302445,-0.3885103,0.04795292,0.106595986,316.4543,-105.36523,-10.789302,STU
9306562950000,8.879984,-1.23206137692308,10.3913578034421,-0.950436533298352,-0.408058,0.04886922,0.11636983,316.44623,-105.13198,-10.671213,STU
9306568077000,8.885111,-1.36016101238123,10.4096749012992,-0.9576807,-0.41172317,0.030543262,0.119729586,316.45425,-104.89321,-10.555261,STU
9306573015000,8.890049,-1.48854264478379,10.4234298693039,-0.9576807,-0.419359,0.004581489,0.118202426,316.46118,-104.65508,-10.440555,STU
9306577997000,8.895031,-1.6411019920303,10.4092956890909,-0.966186639636364,-0.4352415,-0.014966198,0.12461651,316.4806,-104.42919,-10.337213,STU
9306582965000,8.899999,-1.80930547493939,10.3756548018182,-0.980604076727273,-0.42271876,-0.053450707,0.1255328,316.50964,-104.21479,-10.24,STU
9306587955000,8.904989,-1.98099609658863,10.321075012709,-0.9864111,-0.43371433,-0.09315695,0.12522738,316.55048,-104.01146,-10.161337,STU
9306593717000,8.910751,-2.18136872433827,10.2419800689919,-0.9864111,-0.42730024,-0.13103059,0.11575896,316.59894,-103.8212,-10.088148,STU
9306598078000,8.915112,-2.34215954564415,10.177977544756,-0.994000099980042,-0.4373795,-0.17806722,0.096516706,316.66974,-103.65483,-10.045517,STU
9306602994000,8.920028,-2.53008324854805,10.1028085149187,-1.00809436666001,-0.44593164,-0.2180789,0.07788532,316.74667,-103.496925,-10.007484,STU
9306607955000,8.924989,-2.70375435068521,10.0410696968964,-1.00789520906892,-0.43982297,-0.2489276,0.054061573,316.84296,-103.373825,-10.006341,STU
9306612942000,8.929976,-2.86256778782749,9.99294444336961,-0.993457633010883,-0.4361578,-0.2782491,0.032070424,316.9474,-103.25685,-10.011422,STU
9306618030000,8.935064,-3.02314125157796,9.96470952791783,-0.972171968730159,-0.44868052,-0.30604348,-0.0015271631,317.06897,-103.17763,-10.05847,STU
9306623008000,8.940042,-3.17893643008403,9.95580676302521,-0.945464208571428,-0.45265114,-0.34269542,-0.03145956,317.19882,-103.10887,-10.111207,STU
9306628831000,8.945865,-3.38011303701774,9.9289050310923,-0.884016581780075,-0.46181414,-0.36041048,-0.063224554,317.33682,-103.068146,-10.194832,STU
9306632953000,8.949987,-3.53755276998209,9.89677450073254,-0.816542417699007,-0.4810564,-0.36071593,-0.07452556,317.47818,-103.03096,-10.280085,STU
9306637950000,8.954984,-3.72841311583917,9.85782344294319,-0.734745135332899,-0.4810564,-0.3827071,-0.122478485,317.63638,-103.03245,-10.407664,STU
9306643754000,8.960788,-3.7990789072157,9.77519221839523,-0.628660150663845,-0.49174652,-0.39461896,-0.15699236,317.79022,-103.03225,-10.531719,STU
9306648250000,8.965284,-3.84464665014431,9.7089119043679,-0.545809823013277,-0.50915617,-0.41722095,-0.1777618,317.9506,-103.04257,-10.663966,STU
9306653005000,8.970039,-3.88256901542178,9.64409300835515,-0.434136699997987,-0.52626044,-0.40439278,-0.21288654,318.11203,-103.08841,-10.840494,STU
9306657928000,8.974962,-3.92053687239783,9.57764935776122,-0.315487057745118,-0.56230146,-0.40011674,-0.23793201,318.28067,-103.13517,-11.017671,STU
9306662960000,8.979994,-3.97193459615706,9.51421231690337,-0.175697473817878,-0.5684101,-0.39461896,-0.27397305,318.44412,-103.19965,-11.211655,STU
9306668003000,8.985037,-4.02573109005848,9.45144983430799,-0.0322400504853801,-0.6056729,-0.3811799,-0.28588495,318.6028,-103.258644,-11.401572,STU
9306673254000,8.990288,-4.05173641295381,9.36776906956852,0.116258722049705,-0.6169739,-0.37598756,-0.31581733,318.7617,-103.33464,-11.609145,STU
9306677990000,8.995024,-4.06466805150162,9.28586804694925,0.249886214690648,-0.6420194,-0.35613444,-0.3359759,318.9114,-103.40888,-11.81229,STU
9306682962000,8.999996,-4.04910834552665,9.21513603489848,0.471727620704315,-0.6728681,-0.34147367,-0.3652974,319.0606,-103.49314,-12.031156,STU
9306687945000,9.004979,-4.01378168953046,9.15457593274112,0.749293989733502,-0.6951646,-0.3436117,-0.39187005,319.20773,-103.585266,-12.250576,STD
9306693784000,9.010818,-3.9419131744593,9.14035254591034,1.03307594545812,-0.74189585,-0.3585779,-0.40500367,319.35233,-103.67481,-12.474235,STD
9306698277000,9.015311,-3.87846178462446,9.14458273279591,1.24035095084546,-0.77579886,-0.3717115,-0.42088616,319.49564,-103.77721,-12.701666,STD
9306703024000,9.020058,-3.82712168836609,9.14908321193171,1.44470422162001,-0.8231409,-0.3979787,-0.43127087,319.64066,-103.8606,-12.921226,STD
9306707954000,9.024988,-3.78025478088148,9.15376999076831,1.65091828177487,-0.8686504,-0.42394048,-0.4465425,319.78857,-103.95461,-13.142471,STD
9306712947000,9.029981,-3.74621235778443,9.13213026534431,1.80536425782186,-0.91996306,-0.453262,-0.45448375,319.9375,-104.027725,-13.347016,STD
9306718544000,9.035578,-3.71612177979042,9.09200970415419,1.94578705986153,-0.98746365,-0.48930305,-0.46731192,320.09518,-104.111565,-13.553374,STD
9306723229000,9.040263,-3.68690367563843,9.02361150182408,2.02785683145521,-1.0641272,-0.52931476,-0.47586402,320.25653,-104.1844,-13.74693,STD
9306727964000,9.044998,-3.65473676886907,8.93170605391163,2.08759546856506,-1.1166617,-0.54061574,-0.48349985,320.41925,-104.27044,-13.939204,STD
9306732954000,9.049988,-3.6365305843105,8.83150061505288,2.13506650982647,-1.1517864,-0.58093286,-0.5006041,320.60126,-104.36344,-14.12985,STD
9306737945000,9.054979,-3.63162270785502,8.7284351069925,2.16942164501489,-1.212873,-0.61758476,-0.5213735,320.78467,-104.47024,-14.3186455,STD
9306743049000,9.060083,-3.65511425246346,8.64649046646017,2.20901642287291,-1.2757921,-0.66859204,-0.54825157,320.9819,-104.59561,-14.509799,STD
9306748022000,9.065056,-3.69660383116833,8.5819512180815,2.2505059534411,-1.3448198,-0.72692966,-0.5705481,321.19095,-104.73846,-14.700359,STD
9306752974000,9.070008,-3.73609118725275,8.51658122527473,2.27731192021978,-1.4062119,-0.7855727,-0.5888741,321.41882,-104.9052,-14.896158,STD
9306757955000,9.074989,-3.77421469638362,8.44986518381618,2.29160823614386,-1.4737124,-0.8576548,-0.59956425,321.66653,-74.90977,-15.090187,STD
9306762952000,9.079986,-3.81639178044164,8.38684436994551,2.29363825896186,-1.5326608,-0.9459248,-0.6239988,321.94165,-74.69048,-15.297173,STD
9306768005000,9.085039,-3.862650906204,8.32670685919128,2.2843865014339,-1.6001616,-1.0375546,-0.6432411,322.23743,-74.45437,-15.498589,STD
9306773083000,9.090117,-3.90120357339141,8.27398408523065,2.26192003547812,-1.6496416,-1.1441506,-0.6597345,322.57062,-74.18673,-15.708402,STD
9306777984000,9.095018,-3.92908076412592,8.23216839615918,2.22475044783211,-1.7015651,-1.2641857,-0.68325275,322.93292,-73.89637,-15.917016,STD
9306782953000,9.099987,-3.94161752395748,8.22544390014309,2.16642367356909,-1.7400496,-1.3921618,-0.6994407,323.3337,-73.57858,-16.129951,STD
9306787943000,9.104977,-3.93184887473426,8.26940271964432,2.07850572855683,-1.7690657,-1.5036448,-0.7162395,323.76257,-73.2412,-16.339724,STD
9306793076000,9.11011,-3.8973601196875,8.34057153359375,1.95633584164062,-1.7757853,-1.5906931,-0.7275405,324.2262,-72.88209,-16.550999,STD
9306798129000,9.115163,-3.83592550882813,8.43981265097656,1.80038634615234,-1.7568485,-1.6481144,-0.74281216,324.71048,-72.50986,-16.757622,STD
9306803079000,9.120113,-3.76227443977353,8.5928774521282,1.59509458480437,-1.7165314,-1.6563611,-0.752586,325.20697,-72.13652,-16.954964,STD
9306807944000,9.124978,-3.67277565491861,8.81426864462643,1.326598377798,-1.6691893,-1.6267341,-0.76174897,325.7048,-71.758484,-17.147722,STD
9306812953000,9.129987,-3.58485019588375,9.07569534911863,1.04913993049833,-1.6172657,-1.5457945,-0.75411314,326.18134,-71.406204,-17.320501,STD
9306818809000,9.135843,-3.48866415437828,9.43372153606479,0.723176244689852,-1.5506815,-1.4165965,-0.72295904,326.62863,-71.06509,-17.485119,STD
9306823057000,9.140091,-3.41421939061005,9.71509332157097,0.502279289685008,-1.466382,-1.3494014,-0.6936375,327.06085,-70.7762,-17.6205,STD
9306828656000,9.14569,-3.30732034916268,10.1266544246411,0.24037671069378,-1.3817772,-1.0772609,-0.6575964,327.38654,-70.50844,-17.753399,STD
9306832920000,9.149954,-3.21776624450744,10.4204347030475,0.0597006317788802,-1.2965615,-0.98349303,-0.6429357,327.73352,-70.31324,-17.844694,STD
9306837942000,9.154976,-3.09603208996659,10.727204312848,-0.115596526354156,-1.2452488,-0.7672467,-0.60139686,327.95575,-70.14349,-17.932419,STD
9306843060000,9.160094,-2.99614246685083,11.0161929715033,-0.288072797510904,-1.1459832,-0.57696223,-0.5739079,328.13593,-70.0553,-17.984411,STD
9306848147000,9.165181,-2.93947815837937,11.2617392121741,-0.448621929553165,-1.0317514,-0.40622538,-0.54275376,328.2529,-69.98647,-18.03268,STD
9306852980000,9.170014,-2.89094296114799,11.4562658270207,-0.578467554158532,-0.9239337,-0.25167647,-0.5112942,328.3116,-69.991165,-18.042276,STD
9306857960000,9.174994,-2.85369772393596,11.5633455497852,-0.657613628543538,-0.8081747,-0.13775012,-0.47250426,328.32977,-70.01524,-18.049343,STD
9306862942000,9.179976,-2.826132243762,11.6395516391555,-0.72118317024952,-0.6918049,-0.07513642,-0.42852196,328.33844,-70.03994,-18.05932,STD
9306868830000,9.185864,-2.83105192409702,11.6100340708428,-0.735941903036119,-0.5665775,-0.06047566,-0.38515055,328.32605,-70.08517,-18.062609,STD
9306873080000,9.190114,-2.83460298412144,11.5887280814867,-0.746594860635142,-0.43218717,-0.082161374,-0.34483343,328.31787,-70.13879,-18.061934,STD
9306877978000,9.195012,-2.90875367035058,11.2219542407827,-0.677084311685841,-0.2910773,-0.1255328,-0.31795537,328.31058,-70.21117,-18.053629,STD
9306882991000,9.200025,-2.98703544133527,10.8348937853066,-0.603151457842196,-0.15271631,-0.19394971,-0.28955013,328.3156,-70.30431,-18.033104,STD
9306887945000,9.204979,-2.97745138197429,10.5147538399174,-0.518260999136718,-0.02076942,-0.30634892,-0.25137106,328.3623,-70.40024,-18.009848,STD
9306893987000,9.211021,-2.92858511242376,10.1509718063245,-0.409669324301398,0.11148291,-0.45662177,-0.21685717,328.4391,-70.51194,-17.977537,STD
9306898165000,9.215199,-2.91800360505289,9.87184975637514,-0.386804222971288,0.2125811,-0.6603453,-0.17440203,328.58334,-70.5993,-17.960743,STD
9306902988000,9.220022,-2.91364126805818,9.54030881951266,-0.378079448768417,0.28893927,-0.9049969,-0.12950343,328.7815,-70.70157,-17.929308,STD
9306907960000,9.224994,-2.9041600901673,9.21274695622498,-0.471748396417941,0.3726278,-1.1722504,-0.09315695,329.05615,-70.79976,-17.891926,STD
9306912948000,9.229982,-2.88945140327415,8.89896013409627,-0.67276793983578,0.44593164,-1.4223998,-0.08552113,329.39377,-70.902374,-17.84642,STD
9306918859000,9.235893,-2.89634809433586,8.62277438701635,-0.965217586418029,0.5357288,-1.6190983,-0.07666359,329.80182,-70.99497,-17.806473,STD
9306923121000,9.240155,-2.91262895133626,8.46810539549262,-1.20129145795772,0.6123924,-1.7369953,-0.07452556,330.25394,-71.0869,-17.766033,STD
9306927984000,9.245018,-2.9618042828393,8.31008124363042,-1.47744775661743,0.70402217,-1.7724255,-0.070249505,330.75256,-71.16627,-17.74557,STD
9306932964000,9.249998,-3.03745417081392,8.16350943139685,-1.76586277555269,0.75228053,-1.8176296,-0.054061573,331.2814,-71.24556,-17.722498,STD
9306937949000,9.254983,-3.18103282387383,8.04360949638304,-2.01498590229483,0.82619524,-1.7965547,-0.058643065,331.8106,-71.30998,-17.732178,STD
9306943176000,9.26021,-3.39849112881292,7.94433514725659,-2.23717165826801,0.90133166,-1.6872098,-0.054061573,332.31946,-71.377304,-17.741167,STD
9306948120000,9.265154,-3.67136306661399,7.84245506598183,-2.41693678876926,0.9593639,-1.4746287,-0.09010262,332.80646,-71.41264,-17.796785,STD
9306952981000,9.270015,-4.0254297792177,7.73209672983011,-2.55488475697353,1.0103711,-1.1606439,-0.12950343,333.22464,-71.44312,-17.86223,STD
9306957953000,9.274987,-4.44060796313572,7.62118222796671,-2.6139162649851,1.0543534,-0.7348709,-0.18784106,333.56488,-71.41778,-17.996508,STD
9306962948000,9.279982,-4.9468366125244,7.51305559178054,-2.53527875804993,1.104139,-0.226631,-0.24617869,333.78268,-71.37141,-18.15342,STD
9306968057000,9.285091,-5.41354554370694,7.42887663867064,-2.29504754984174,1.1349876,0.34483343,-0.29535335,333.8799,-71.2403,-18.39798,STD
9306973207000,9.290241,-5.81758634383727,7.37837164053249,-1.84509278815863,1.149343,0.9138544,-0.34972036,333.82333,-71.07596,-18.668066,STD
9306977934000,9.294968,-6.13140988812927,7.34947617298529,-1.28584751093433,1.1588113,1.3973542,-0.3839288,333.6562,-70.8099,-19.026545,STD
9306982951000,9.299985,-6.31555467930392,7.36440660700228,-0.310378211122851,1.1484267,1.7537941,-0.4007276,333.35678,-70.51607,-19.394434,STD
9306987922000,9.304956,-6.435614,7.39473329616657,0.6978564703561,1.1276573,1.9120082,-0.41172317,333.01398,-70.131195,-19.826866,STD
9306993050000,9.310084,-6.435614,7.45684935189726,1.82072265604203,1.0873401,1.8500054,-0.4156938,332.63885,-69.73416,-20.253073,STD
9306998000000,9.315034,-6.33286067539795,7.53626765762644,2.84534595291155,1.047023,1.5653422,-0.42119157,332.34702,-69.31191,-20.685322,STD
9307002974000,9.320008,-5.99213065101753,7.6610422967157,3.73796292516623,1.0186177,1.0903945,-0.40133846,332.1481,-111.10042,-21.100422,STD
9307007928000,9.324962,-5.63075040657625,7.80798694672651,4.4809541195824,0.9923506,0.4578435,-0.3747658,332.06046,-111.46778,-21.467077,STD
9307012945000,9.329979,-5.21352241243048,8.00956862630501,4.89349421208898,1.0186177,-0.2678644,-0.3399465,332.155,-111.822784,-21.820917,STD
9307018007000,9.335041,-4.80699164375433,8.18499693604069,5.16776749645527,1.0778717,-1.0665708,-0.31703907,332.44037,-112.08562,-22.084711,STD
9307023015000,9.340049,-4.44480136741928,8.28108863550898,5.04580538823303,1.1340714,-1.4605788,-0.31123585,332.827,-112.34049,-22.340336,STD
9307028814000,9.345848,-4.02540412052092,8.39235775795638,4.90457969622409,1.1652255,-2.5039365,-0.3155119,333.63034,-67.5046,-22.494007,STD
9307032958000,9.349992,-3.64172733769133,8.48920453380102,4.3861042216199,1.2263119,-2.7821858,-0.3182608,334.31598,-67.35206,-22.64206,STD
9307037943000,9.354977,-3.15458055862032,8.6109910298682,3.63508625951318,1.237613,-3.2189543,-0.32375857,335.3683,-67.19844,-22.782946,STD
9307043049000,9.360083,-2.1786773237474,9.01748200274154,2.1775175798495,1.2519683,-3.4984252,-0.3399465,336.41733,-67.12213,-22.840464,STD
9307048086000,9.36512,-1.0842161738892,9.49630889865759,0.549506625149556,1.2186762,-3.6435058,-0.32925636,337.54932,-67.05015,-22.884449,STD
9307052991000,9.370025,-0.433935240686504,9.71558666923936,-0.359740532811211,1.1520919,-3.664886,-0.30665436,338.67484,-67.045845,-22.859535,STD
9307057949000,9.374983,0.0289725907707931,9.82166934030669,-0.962485117461968,1.067487,-3.5756998,-0.26816985,339.79437,-67.04508,-22.824871,STD
9307062948000,9.379982,0.294479096681086,9.73548998849517,-1.32015200990336,0.981355,-3.4040465,-0.20830505,340.75626,-67.25207,-22.601435,STD
9307068110000,9.385144,0.476478094321215,9.55804119052002,-1.57495061040037,0.8891144,-3.1813862,-0.15485434,341.66138,-67.458405,-22.377499,STD
9307073220000,9.390254,0.583167488747731,9.26210875599919,-1.70491686186731,0.80848014,-2.946203,-0.12308934,342.4671,-67.74986,-22.077765,STD
9307078041000,9.395075,0.629719012250454,8.89435171546683,-1.7375028942932,0.7483099,-2.7253752,-0.09193522,343.20236,-68.04678,-21.773691,STD
9307083014000,9.400048,0.574328407786132,8.56518952234753,-1.63446767815372,0.72356987,-2.5033257,-0.07971791,343.85577,-68.36109,-21.459406,STD
9307088019000,9.405053,0.434176574745196,8.27487495728906,-1.41923459408939,0.72082096,-2.2904391,-0.06627888,344.4409,-68.67681,-21.146152,STD
9307093044000,9.410078,0.320584506237499,8.29696721856491,-0.980704476454025,0.7415904,-2.0925188,-0.057726767,344.97025,-68.97538,-20.854326,STD
9307098368000,9.415402,0.216620505915137,8.50984605845228,-0.381673745404408,0.7715228,-1.9144517,-0.0421497,345.43787,-69.27457,-20.565176,STD
9307103019000,9.420053,0.217772258309662,8.89762573214643,0.459918515037007,0.8549059,-1.8035797,-0.011301007,345.8815,-69.54079,-20.310423,STD
9307108018000,9.425052,0.280021503309662,9.44829223214643,1.57561648003701,0.9746355,-1.7767016,0.054367006,346.2928,-69.818184,-20.047686,STD
9307112955000,9.429989,0.404941354550225,9.97760248763118,2.70599345305472,1.1468995,-1.8613064,0.10934488,346.6968,-70.08959,-19.785122,STD
9307118045000,9.435079,0.58307965976012,10.5120171934033,3.89358207496252,1.3500122,-2.051591,0.16554448,347.11896,-70.377464,-19.509672,STD
9307123021000,9.440055,0.740043067320261,10.9488564575163,4.83785216666667,1.5015068,-2.1835377,0.19211712,347.49988,-70.691635,-19.19258,STD
9307128004000,9.445038,0.875653262318841,11.2788413188406,5.51138285217391,1.5662584,-2.450486,0.23396139,347.96652,-71.0195,-18.862326,STD
9307133019000,9.450053,0.981569196072903,11.5907954832343,5.99179356911691,1.6303993,-2.641992,0.2950479,348.42947,-71.42658,-18.436491,STD
9307138024000,9.455058,1.0250076671735,11.8610790906253,6.06901737774645,1.5897768,-2.6920831,0.33567044,348.91187,-71.82473,-18.016825,STD
9307143149000,9.460183,1.05077518132789,12.0701293682302,6.00327746705189,1.4676038,-2.5607471,0.36743546,349.40186,-72.28501,-17.51913,STD
9307148194000,9.465228,1.04347626022358,12.1577162690536,5.68577598045925,1.2641857,-2.237294,0.37201694,349.83075,-72.725914,-17.035505,STD
9307153091000,9.470125,1.03639146009517,12.2427337226377,5.37758870992522,1.0076222,-1.7171422,0.35094208,350.1537,-73.17109,-16.539877,STD
9307157992000,9.475026,0.955839724772076,12.1502065992287,4.72740284824483,0.6994407,-1.044885,0.2910773,350.32153,-73.57398,-16.077745,STD
9307162970000,9.480004,0.842702164550578,11.9804997715811,3.92129758276476,0.39522982,-0.24465153,0.22174409,350.2869,-73.935356,-15.649942,STD
9307168168000,9.485202,0.669926999758364,11.7229013025093,3.08250800687732,0.07513642,0.59040123,0.18753563,350.03113,-74.26006,-15.260802,STD
9307173350000,9.490384,0.471603441416357,11.4277223499071,2.24770418122677,-0.18203785,1.3600914,0.15760323,349.55795,-74.53631,-14.914851,STD
9307178032000,9.495066,0.271928354912442,11.1560972774194,1.54806216552995,-0.38453966,2.0366247,0.1704314,348.86627,-74.7714,-14.634369,STD
9307183017000,9.500051,0.0421487388141321,10.8627612953405,0.848945447762417,-0.5342017,2.565634,0.18417588,348.00092,-74.97805,-14.378028,STD
9307188011000,9.505045,-0.201977462184843,10.6062956956359,0.348118413697785,-0.63407815,2.9290988,0.22540927,347.05026,-75.17267,-14.163144,STD
9307193071000,9.510105,-0.4600975145164,10.3753462497897,-0.00509849653490327,-0.6966918,3.1105258,0.2648101,346.0111,-75.361,-13.950832,STD
9307198075000,9.515109,-0.705615651039514,10.1321217221884,-0.24585904093617,-0.6921103,3.1105258,0.32803464,344.98566,-75.549644,-13.763337,STD
9307203150000,9.520184,-0.941979410613982,9.86621280374873,-0.349268176751773,-0.65668017,2.948952,0.37659842,343.9669,-75.74321,-13.566428,STD
9307208018000,9.525052,-1.19974543793069,9.66493135843404,-0.369673534290422,-0.61117065,2.641992,0.4098906,343.03775,-75.91794,-13.402125,STD
9307213025000,9.530059,-1.50144496570458,9.52126501188455,-0.297840306010187,-0.55955255,2.2531765,0.40653083,342.191,-76.10039,-13.226351,STD
9307217993000,9.535027,-1.78061130128961,9.50321566084768,-0.261933976694189,-0.4914411,2.0485365,0.37965274,341.41925,-76.25461,-13.086429,STD
9307223133000,9.540167,-2.0438246910828,9.64256394267516,-0.269675555541401,-0.45906523,1.6530013,0.3631594,340.8258,-76.41205,-12.930777,STD
9307228616000,9.54565,-2.33145575581374,9.80578927145982,-0.265173876772371,-0.39522982,1.1307116,0.30879238,340.3739,-76.516205,-12.830635,STD
9307232962000,9.549996,-2.77140596140878,10.3860681894478,0.133056867368325,-0.3136793,0.97249746,0.28527406,339.93698,-76.62874,-12.724707,STD
9307237941000,9.554975,-3.27543543072717,11.0508654127939,0.589290386714051,-0.2855795,0.70371675,0.25167647,339.71744,-76.68408,-12.667916,STD
9307243060000,9.560094,-3.56829777656365,11.2050886214128,1.00108460296174,-0.22968534,0.49113566,0.22540927,339.53152,-76.74446,-12.613181,STD
9307248014000,9.565048,-3.76030610423105,11.139631299117,1.37637352419058,-0.16371189,0.355829,0.26267207,339.40332,-76.8159,-12.546025,STD
9307253023000,9.570057,-3.921063517389,10.9639835110734,1.77048027456819,-0.124311075,0.25900686,0.32284227,339.3752,-76.83514,-12.516823,STD
9307257950000,9.574984,-4.05106311982622,10.6989837953799,2.17047958142418,-0.11056661,0.15668693,0.4007276,339.38693,-76.87264,-12.469439,STD
9307262953000,9.579987,-4.18465840839337,10.3813427155422,2.41767002171797,-0.11362094,-0.0076358155,0.47036624,339.44934,-76.88628,-12.433881,STD
9307268062000,9.585096,-4.32200646589314,10.0288164569103,2.5779093344905,-0.15607607,-0.23151793,0.50762904,339.55707,-76.90924,-12.382781,STD
9307273159000,9.590193,-4.47444445949706,9.63140738050087,2.53241153287643,-0.19792034,-0.50243664,0.47739118,339.7266,-76.893196,-12.353516,STD
9307278103000,9.595137,-4.63547466162012,9.20687354477997,2.31282501868494,-0.24862215,-0.8035932,0.419359,339.9676,-76.87323,-12.31712,STD
9307283010000,9.600044,-4.81208975068246,8.82765532757929,1.92240271162184,-0.28069258,-1.1142182,0.355829,340.30255,-76.80294,-12.317652,STD
9307288015000,9.605049,-5.00450984888599,8.47167746527499,1.39805718176435,-0.27000242,-1.4049901,0.29138273,340.7169,-76.714806,-12.328616,STD
9307293239000,9.610273,-5.21430372688056,8.16097055190078,0.884965161418172,-0.24220806,-1.6780468,0.23884831,341.2335,-76.58278,-12.388977,STD
9307298206000,9.61524,-5.41950416985711,7.90447033297385,0.41898940658758,-0.1994475,-1.9425515,0.18936823,341.82846,-76.43745,-12.459273,STD
9307302967000,9.620001,-5.60345150821961,7.64443614011876,-0.0482461861964788,-0.12980886,-2.1627684,0.13897185,342.51483,-76.26684,-12.587503,STD
9307307951000,9.624985,-5.77251580808418,7.34608748255027,-0.575328719377018,-0.03573562,-2.3365595,0.0711658,343.25885,-76.08697,-12.729474,STD
9307312964000,9.629998,-5.86460433630124,7.08136234483232,-1.01457990974701,0.07666359,-2.4007003,0.010079277,344.05478,-75.8912,-12.93358,STD
9307318161000,9.635195,-5.84996294306727,6.85686234087076,-1.34156895289272,0.20005837,-2.493552,-0.064751714,344.90225,-75.68325,-13.158012,STD
9307323038000,9.640072,-5.77139968474475,6.74011175791621,-1.5760274650612,0.32834008,-2.540894,-0.102319926,345.7713,-75.44832,-13.442281,STD
9307327982000,9.645016,-5.59706722897801,6.75895848861578,-1.70795472755498,0.3866777,-2.5439484,-0.16982053,346.64935,-75.18594,-13.757035,STD
9307332925000,9.649959,-5.40015405405405,6.84767578716216,-1.82580529662162,0.50640726,-2.5173757,-0.22235495,347.53098,-74.92652,-14.095092,STD
9307337948000,9.654982,-5.16116226947536,7.05798870732313,-1.92140206036367,0.6432411,-2.4608707,-0.25778514,348.39816,-74.65219,-14.45045,STD
9307343060000,9.660094,-4.88663072419592,7.35311288698781,-2.005197550492,0.79320854,-2.3753495,-0.2874121,349.23093,-74.395584,-14.796848,STD
9307348148000,9.665182,-4.5610220009179,7.78248695777647,-2.06602556564841,0.95447695,-2.271197,-0.30085114,350.03464,-74.13495,-15.153525,STD
9307352938000,9.669972,-4.25448391434131,8.1867129402996,-2.1232909336907,1.1172725,-2.1203132,-0.3109304,350.77225,-73.912445,-15.477627,STD
9307357968000,9.675002,-4.00084112465634,8.52516057928364,-2.15113258888674,1.2928963,-1.9517145,-0.3182608,351.4672,-73.68451,-15.810749,STD
9307362951000,9.679985,-3.78833624172314,8.8115803320426,-2.16037192952565,1.4501941,-1.7461584,-0.33964106,352.10056,-73.44179,-16.157831,STD
9307368067000,9.685101,-3.49386877765622,9.12213861895049,-2.12485604275913,1.6114625,-1.5225816,-0.35521814,352.63132,-73.28805,-16.412416,STD
9307373021000,9.690055,-3.15517515152976,9.43444041405526,-2.0588767178194,1.772731,-1.269378,-0.3643811,353.0866,-73.11669,-16.677586,STD
9307377963000,9.694997,-2.76204507680982,9.78180937055215,-1.92922713263804,1.9416351,-0.9798279,-0.35613444,353.4428,-72.98352,-16.892624,STD
9307382961000,9.699995,-2.28731157993865,10.1831308840491,-1.70898995601227,2.0647244,-0.6927212,-0.33658674,353.71973,-72.82967,-17.110651,STD
9307387954000,9.704988,-1.84123327195228,10.5554760803996,-1.40707260877703,2.186592,-0.38148534,-0.29932398,353.87054,-72.74219,-17.24076,STD
9307393112000,9.710146,-1.41485876505674,10.9051985852973,-0.995070217815925,2.2644775,-0.08674286,-0.26328292,353.93814,-72.633606,-17.366243,STD
9307397990000,9.715024,-0.992341732575968,11.212413179146,-0.507827496345581,2.2934935,0.17867808,-0.22602014,353.88556,-107.38605,-17.375206,STD
9307403028000,9.720062,-0.527589819712016,11.495097510427,0.13899211817279,2.2837198,0.40439278,-0.18661933,353.75772,-107.42138,-17.371569,STD
9307407951000,9.724985,-0.0759022531555017,11.7253181720723,0.843450898171163,2.2018638,0.54458636,-0.11911872,353.5544,-107.35584,-17.246914,STD
9307412947000,9.729981,0.378528227850864,11.8848519564514,1.67496197797312,2.0567832,0.57451874,-0.064751714,353.32086,-107.301094,-17.114067,STD
9307418068000,9.735102,0.756567782089552,11.9711511044776,2.40663731044776,1.9657644,0.5662721,-0.0290161,353.04343,-107.12942,-16.86307,STD
9307423142000,9.740176,1.0083435389065,11.9486039608692,2.96279864271905,1.7263051,0.45540005,0.027488936,352.79276,-106.93642,-16.596289,STD
9307429186000,9.74622,1.30181372149515,11.9144588272291,3.60527872569438,1.4511104,0.09865474,0.09621128,352.61087,-106.61293,-16.224785,STD
9307432960000,9.749994,1.41070849221354,11.8089673367856,3.77542678495434,1.0024298,-0.047036625,0.10354166,352.39932,-106.27694,-15.862307,STD
9307437936000,9.75497,1.55428569918087,11.6698773377271,3.99976614448734,0.84665924,-0.34972036,0.12308934,352.34033,-105.84339,-15.422158,STD
9307443089000,9.760123,1.5739369699511,11.5373798619799,3.85115646473844,0.5580254,-0.6123924,0.14019357,352.309,-105.38397,-14.994027,STD
9307448056000,9.76509,1.53882817564351,11.4144989673402,3.54834337160255,0.31795537,-0.82558435,0.18020524,352.34842,-104.9199,-14.56975,STD
9307453077000,9.770111,1.42360499594898,11.2857714353061,3.0772000077551,0.13194689,-0.98837996,0.23426682,352.44653,-104.41566,-14.121714,STD
9307457950000,9.774984,1.2474103934898,11.1571968330612,2.48670975755102,-0.008246681,-1.133155,0.2938262,352.59555,-103.90556,-13.674645,STD
9307462950000,9.779984,0.991467187958297,11.0162703454967,1.84720047205329,-0.08552113,-1.2409728,0.3585779,352.7805,-103.409546,-13.233821,STD
9307468101000,9.785135,0.667647372632493,10.8638844821894,1.16146448496959,-0.115453534,-1.3350459,0.41050145,352.99548,-102.91551,-12.791745,STD
9307473202000,9.790236,0.26209167314623,10.6641908672328,0.499104772491715,-0.09560041,-1.4196508,0.4596761,353.24213,-102.469635,-12.381506,STD
9307478002000,9.795036,-0.190168452785833,10.4356808423778,-0.110256251534797,-0.039095376,-1.4727961,0.4990769,353.49777,-102.02904,-11.970281,STD
9307482956000,9.79999,-0.651665545964215,10.2212235159046,-0.626067079005964,0.022296581,-1.5204436,0.5305365,353.7889,-101.6677,-11.625074,STD
9307487943000,9.804977,-1.11217004356262,10.021829772167,-1.05808674473956,0.09407325,-1.5641204,0.5558874,354.0844,-101.31204,-11.281452,STD
9307493240000,9.810274,-1.55173478281399,9.84242205658574,-1.42092461756834,0.17715092,-1.616044,0.5723807,354.43564,-101.05028,-11.0228,STD
9307498087000,9.815121,-1.91999698172434,9.70044137163066,-1.6871382397056,0.26450464,-1.6664404,0.59131753,354.79276,-100.7912,-10.76516,STD
9307502965000,9.819999,-2.27097329658268,9.54856096796899,-1.94784321055799,0.3594942,-1.7030923,0.59223384,355.2097,-100.62519,-10.594596,STD
9307507950000,9.824984,-2.60700165586045,9.38298146985617,-2.20595204831174,0.4746423,-1.7122552,0.58459806,355.62845,-100.46665,-10.42857,STD
9307512953000,9.829987,-2.8813167524339,9.23753255806771,-2.49939938372869,0.5653558,-1.706452,0.5699373,356.09222,-100.39103,-10.338982,STD
9307518255000,9.835289,-3.1040194869533,9.10579285878428,-2.8475684392513,0.62858033,-1.6667458,0.5332854,356.5443,-100.335106,-10.264118,STD
9307523183000,9.840217,-3.31101289995058,8.98334600135903,-3.17117785185322,0.8332202,-1.6059648,0.52412236,357.0219,-100.35481,-10.248478,STD
